-5.000000000000000104e-03 0.000000000000000000e+00
5.000000000000000104e-03 0.000000000000000000e+00
1.499999999999999944e-02 0.000000000000000000e+00
2.499999999999999792e-02 5.078457450129488486e-05
3.500000000000000333e-02 1.290229020948980882e-04
4.500000000000000527e-02 2.438678535458094589e-04
5.500000000000000028e-02 1.276216691400714181e-03
6.500000000000000222e-02 1.302224516617538075e-03
7.499999999999999722e-02 1.316132483456126500e-03
8.499999999999999223e-02 1.353045351405869666e-03
9.500000000000000111e-02 1.359818908374809667e-03
1.049999999999999961e-01 1.379568125972133619e-03
1.149999999999999911e-01 1.399877805064899837e-03
1.250000000000000000e-01 1.351407573163832367e-03
1.350000000000000089e-01 1.285719954129695662e-03
1.449999999999999900e-01 2.235228766338647182e-03
1.549999999999999989e-01 1.247864078223247979e-03
1.650000000000000078e-01 1.381611860257222699e-03
1.749999999999999889e-01 6.531806090235161601e-03
1.849999999999999978e-01 6.494936057880261113e-03
1.950000000000000067e-01 6.538211212103776752e-03
2.049999999999999878e-01 6.615633424031747319e-03
2.149999999999999967e-01 6.580646457310128893e-03
2.250000000000000056e-01 6.584720039979280806e-03
2.349999999999999867e-01 6.674025667124540602e-03
2.449999999999999956e-01 5.661887951395171842e-03
2.550000000000000044e-01 5.617437351173094374e-03
2.650000000000000133e-01 5.481121016597564725e-03
2.750000000000000222e-01 3.173649907081152011e-04
2.849999999999999756e-01 1.372691691056262013e-03
2.949999999999999845e-01 3.513330497170790052e-03
3.049999999999999933e-01 4.903744862063486379e-03
3.150000000000000022e-01 4.958460848003851638e-03
3.250000000000000111e-01 5.083516548990791792e-03
3.350000000000000200e-01 4.988067470001813185e-03
3.450000000000000289e-01 4.983538601212918889e-03
3.549999999999999822e-01 5.008878521435757014e-03
3.649999999999999911e-01 4.988160277522869432e-03
3.750000000000000000e-01 4.990328162905103941e-03
3.850000000000000089e-01 3.936466532792215305e-03
3.950000000000000178e-01 1.756567888433568144e-03
4.050000000000000266e-01 3.153666149449536036e-04
4.149999999999999800e-01 4.044160810158688169e-04
4.249999999999999889e-01 3.217147424236079596e-04
4.349999999999999978e-01 4.765807984099992953e-04
4.450000000000000067e-01 5.300689778471622590e-04
4.550000000000000155e-01 5.604486242915369346e-04
4.650000000000000244e-01 5.926294955666034942e-04
4.749999999999999778e-01 7.021355890687137283e-04
4.849999999999999867e-01 9.431735345522372768e-04
4.949999999999999956e-01 1.886765605747920240e-03
5.050000000000000044e-01 2.828296528641122739e-03
5.150000000000000133e-01 3.165987098183297745e-03
5.250000000000000222e-01 3.438173285325640816e-03
5.350000000000000311e-01 6.462382437596891037e-03
5.450000000000000400e-01 8.979650870231802029e-03
5.550000000000000488e-01 1.194142500956589699e-02
5.650000000000000577e-01 1.844396533621064926e-02
5.749999999999999556e-01 2.609433403891431996e-02
5.849999999999999645e-01 3.161575523850420483e-02
5.949999999999999734e-01 3.506997843564629846e-02
6.049999999999999822e-01 5.585486969952296876e-02
6.149999999999999911e-01 1.064777654658643075e-01
6.250000000000000000e-01 1.490386441329169809e-01
6.350000000000000089e-01 1.947498586707839818e-01
6.450000000000000178e-01 2.736530801488595843e-01
6.550000000000000266e-01 3.432122630938981289e-01
6.650000000000000355e-01 4.500435876498674048e-01
6.750000000000000444e-01 5.386290036935864611e-01
6.850000000000000533e-01 5.990479947883704526e-01
6.950000000000000622e-01 6.463885654075488540e-01
7.049999999999999600e-01 6.539238562004544564e-01
7.149999999999999689e-01 6.232600982844359594e-01
7.249999999999999778e-01 6.172980135090356812e-01
7.349999999999999867e-01 6.576629181321059781e-01
7.449999999999999956e-01 6.233959965422214422e-01
7.550000000000000044e-01 5.930148055562752818e-01
7.650000000000000133e-01 5.508196896108132901e-01
7.750000000000000222e-01 5.515007515886892753e-01
7.850000000000000311e-01 5.636743966081535495e-01
7.950000000000000400e-01 5.716499911306186510e-01
8.050000000000000488e-01 5.866567331325759360e-01
8.150000000000000577e-01 5.792019587249834789e-01
8.250000000000000666e-01 5.461657565383722934e-01
8.349999999999999645e-01 4.687371915169666892e-01
8.449999999999999734e-01 4.268690400819506459e-01
8.549999999999999822e-01 3.872952990321376632e-01
8.649999999999999911e-01 3.207192895914063868e-01
8.750000000000000000e-01 2.362466467725507224e-01
8.850000000000000089e-01 1.603957811437901337e-01
8.950000000000000178e-01 1.030865331088691439e-01
9.050000000000000266e-01 5.971175014076993831e-02
9.150000000000000355e-01 4.760377447878842705e-02
9.250000000000000444e-01 4.446982751696914454e-02
9.350000000000000533e-01 3.322808663894221554e-02
9.450000000000000622e-01 2.886008657450810089e-02
9.549999999999999600e-01 2.683234581150422196e-02
9.649999999999999689e-01 2.253259964191164921e-02
9.749999999999999778e-01 1.004948384453253386e-02
9.849999999999999867e-01 7.801226039831304568e-03
9.949999999999999956e-01 5.418686039999278010e-03
1.005000000000000115e+00 4.496779144277937915e-03
1.015000000000000124e+00 3.673849577457281509e-03
1.025000000000000133e+00 3.092382574935606358e-03
1.035000000000000142e+00 3.626630530427987168e-03
1.045000000000000151e+00 2.831391412443864160e-03
1.055000000000000160e+00 2.245751412362410535e-03
1.065000000000000169e+00 2.013955046770136374e-03
1.075000000000000178e+00 2.138003366992383830e-03
1.085000000000000187e+00 2.507374144463750138e-03
1.095000000000000195e+00 3.710740191169533894e-03
1.105000000000000204e+00 4.081821753492675606e-03
1.115000000000000213e+00 4.029184837442312435e-03
1.125000000000000222e+00 3.856850602204221160e-03
1.135000000000000231e+00 2.730043269005384514e-03
1.145000000000000240e+00 2.561432669351106865e-03
1.155000000000000027e+00 2.600915313459030518e-03
1.165000000000000036e+00 2.541782370669280668e-03
1.175000000000000044e+00 2.352002876291695195e-03
1.185000000000000053e+00 1.730991978114805162e-03
1.195000000000000062e+00 5.053297122437551848e-04
1.205000000000000071e+00 1.274855404060131414e-04
1.215000000000000080e+00 1.320492882051983903e-04
1.225000000000000089e+00 1.296910940348181289e-04
1.235000000000000098e+00 1.315438161744405296e-04
1.245000000000000107e+00 1.266176857525449834e-04
1.255000000000000115e+00 8.369547261922396662e-05
1.265000000000000124e+00 7.759034369029166106e-05
1.275000000000000133e+00 7.039238754220772929e-05
1.285000000000000142e+00 6.503692560174065816e-05
1.295000000000000151e+00 5.552111946721983451e-05
1.305000000000000160e+00 4.506979667882575892e-05
1.315000000000000169e+00 2.982348018188601932e-05
1.325000000000000178e+00 2.888514500798702473e-05
1.335000000000000187e+00 2.639973836335070826e-05
1.345000000000000195e+00 2.173159498369139713e-05
1.355000000000000204e+00 2.128026044108766469e-05
1.365000000000000213e+00 2.239045074560334550e-05
1.375000000000000222e+00 2.295968857799211203e-05
1.385000000000000231e+00 2.291255795253456732e-05
1.395000000000000240e+00 2.196653271994619878e-05
1.405000000000000027e+00 2.039749379607543834e-05
1.415000000000000036e+00 1.924405665391578862e-05
1.425000000000000044e+00 1.836936920264476458e-05
1.435000000000000053e+00 1.676660917641033320e-05
1.445000000000000062e+00 1.206687802168949777e-05
1.455000000000000071e+00 7.849752865651904733e-06
1.465000000000000080e+00 6.044608124021774614e-06
1.475000000000000089e+00 5.375843591821632650e-06
1.485000000000000098e+00 5.078126357870813746e-06
1.495000000000000107e+00 5.093730103321112382e-06
1.505000000000000115e+00 5.666120522672381065e-06
1.515000000000000124e+00 6.375178902487094220e-06
1.525000000000000133e+00 6.219481659979641017e-06
1.535000000000000142e+00 5.196553310375193004e-06
1.545000000000000151e+00 3.913693360084886208e-06
1.555000000000000160e+00 3.177387357042033633e-06
1.565000000000000169e+00 3.111052838148223963e-06
1.575000000000000178e+00 3.197286297103452818e-06
1.585000000000000187e+00 3.263619636324993466e-06
1.595000000000000195e+00 3.157485664411986165e-06
1.605000000000000204e+00 2.500781713200249491e-06
1.615000000000000213e+00 1.578742832205992659e-06
1.625000000000000222e+00 9.817392401953233601e-07
1.635000000000000231e+00 7.694712963693074870e-07
1.645000000000000240e+00 7.230376836573663956e-07
1.655000000000000249e+00 6.699706977008625332e-07
1.665000000000000036e+00 5.704700990324175795e-07
1.675000000000000044e+00 4.046357679183427448e-07
1.685000000000000053e+00 1.990011973368899075e-07
1.695000000000000062e+00 6.633373244562997357e-08
1.705000000000000071e+00 1.326674648912599538e-08
1.715000000000000080e+00 0.000000000000000000e+00
1.725000000000000089e+00 0.000000000000000000e+00
1.735000000000000098e+00 0.000000000000000000e+00
1.745000000000000107e+00 0.000000000000000000e+00
1.755000000000000115e+00 0.000000000000000000e+00
1.765000000000000124e+00 0.000000000000000000e+00
1.775000000000000133e+00 0.000000000000000000e+00
1.785000000000000142e+00 0.000000000000000000e+00
1.795000000000000151e+00 0.000000000000000000e+00
1.805000000000000160e+00 0.000000000000000000e+00
1.815000000000000169e+00 0.000000000000000000e+00
1.825000000000000178e+00 0.000000000000000000e+00
1.835000000000000187e+00 0.000000000000000000e+00
1.845000000000000195e+00 0.000000000000000000e+00
1.855000000000000204e+00 0.000000000000000000e+00
1.865000000000000213e+00 0.000000000000000000e+00
1.875000000000000222e+00 0.000000000000000000e+00
1.885000000000000231e+00 0.000000000000000000e+00
1.895000000000000240e+00 0.000000000000000000e+00
1.905000000000000249e+00 0.000000000000000000e+00
1.915000000000000036e+00 0.000000000000000000e+00
1.925000000000000044e+00 0.000000000000000000e+00
1.935000000000000053e+00 0.000000000000000000e+00
1.945000000000000062e+00 0.000000000000000000e+00
1.955000000000000071e+00 0.000000000000000000e+00
1.965000000000000080e+00 0.000000000000000000e+00
1.975000000000000089e+00 0.000000000000000000e+00
1.985000000000000098e+00 0.000000000000000000e+00
1.995000000000000107e+00 0.000000000000000000e+00
2.005000000000000338e+00 0.000000000000000000e+00
2.015000000000000124e+00 5.141465028326011917e-12
2.025000000000000355e+00 1.028293005665202060e-11
2.035000000000000142e+00 2.570732514163005635e-11
2.044999999999999929e+00 4.627318525493410079e-11
2.055000000000000160e+00 8.226344045321616482e-11
2.064999999999999947e+00 1.388195557648023024e-10
2.075000000000000178e+00 2.416488563313225407e-10
2.084999999999999964e+00 4.113172022660808499e-10
2.095000000000000195e+00 1.561050902533220669e-08
2.104999999999999982e+00 3.284901011849931019e-07
2.115000000000000213e+00 1.228992078550545650e-06
2.125000000000000000e+00 2.578712247122200211e-06
2.135000000000000231e+00 4.120192762039631571e-06
2.145000000000000018e+00 5.343281119236746512e-06
2.155000000000000249e+00 6.371208897752828976e-06
2.165000000000000036e+00 7.349477763001255742e-06
2.175000000000000266e+00 8.581139328470737112e-06
2.185000000000000053e+00 1.050743432965599217e-05
2.195000000000000284e+00 1.332585335906948092e-05
2.205000000000000071e+00 1.601434744600134814e-05
2.215000000000000302e+00 1.861257706292441990e-05
2.225000000000000089e+00 2.085655498757066538e-05
2.235000000000000320e+00 2.216326549651681147e-05
2.245000000000000107e+00 2.283648080213348164e-05
2.255000000000000338e+00 2.279603343257964506e-05
2.265000000000000124e+00 2.218153629122356055e-05
2.275000000000000355e+00 2.104630526822839781e-05
2.285000000000000142e+00 1.914509532827668911e-05
2.295000000000000373e+00 1.631147710704013124e-05
2.305000000000000160e+00 1.331010342794860203e-05
2.314999999999999947e+00 9.811366692194952759e-06
2.325000000000000178e+00 6.217663457512018385e-06
2.334999999999999964e+00 3.369457009253353378e-06
2.345000000000000195e+00 1.473132780579461204e-06
2.354999999999999982e+00 4.856163813620134953e-07
2.365000000000000213e+00 1.217881013543610253e-07
2.375000000000000000e+00 2.525472957947792362e-08
2.385000000000000231e+00 0.000000000000000000e+00
2.395000000000000018e+00 0.000000000000000000e+00
2.405000000000000249e+00 0.000000000000000000e+00
2.415000000000000036e+00 0.000000000000000000e+00
2.425000000000000266e+00 0.000000000000000000e+00
2.435000000000000053e+00 0.000000000000000000e+00
2.445000000000000284e+00 0.000000000000000000e+00
2.455000000000000071e+00 0.000000000000000000e+00
2.465000000000000302e+00 0.000000000000000000e+00
2.475000000000000089e+00 0.000000000000000000e+00
2.485000000000000320e+00 0.000000000000000000e+00
2.495000000000000107e+00 0.000000000000000000e+00
2.505000000000000338e+00 0.000000000000000000e+00
2.515000000000000124e+00 0.000000000000000000e+00
2.525000000000000355e+00 0.000000000000000000e+00
2.535000000000000142e+00 0.000000000000000000e+00
2.545000000000000373e+00 0.000000000000000000e+00
2.555000000000000160e+00 0.000000000000000000e+00
2.564999999999999947e+00 0.000000000000000000e+00
2.575000000000000178e+00 0.000000000000000000e+00
2.584999999999999964e+00 0.000000000000000000e+00
2.595000000000000195e+00 0.000000000000000000e+00
2.604999999999999982e+00 0.000000000000000000e+00
2.615000000000000213e+00 0.000000000000000000e+00
2.625000000000000000e+00 0.000000000000000000e+00
2.635000000000000231e+00 0.000000000000000000e+00
2.645000000000000018e+00 0.000000000000000000e+00
2.655000000000000249e+00 0.000000000000000000e+00
2.665000000000000036e+00 0.000000000000000000e+00
2.675000000000000266e+00 0.000000000000000000e+00
2.685000000000000053e+00 0.000000000000000000e+00
2.695000000000000284e+00 0.000000000000000000e+00
2.705000000000000071e+00 5.141465028326011917e-12
2.715000000000000302e+00 1.542439508497803252e-11
2.725000000000000089e+00 3.084879016995606504e-11
2.735000000000000320e+00 6.169758033991213008e-11
2.745000000000000107e+00 1.182536956514982547e-10
2.755000000000000338e+00 2.056586011330404508e-10
2.765000000000000124e+00 3.444781568978427015e-10
2.775000000000000355e+00 5.398538279742311155e-10
2.785000000000000142e+00 7.917856143622055120e-10
2.795000000000000373e+00 1.105414981090092388e-09
2.805000000000000160e+00 1.516732183356173031e-09
2.814999999999999947e+00 1.953756710763884451e-09
2.825000000000000178e+00 2.339366587888335144e-09
2.834999999999999964e+00 2.586156909247983406e-09
2.845000000000000195e+00 2.668420349701199493e-09
2.854999999999999982e+00 2.647854489587895782e-09
2.865000000000000213e+00 2.545025189021375156e-09
2.875000000000000000e+00 2.380498308114943395e-09
2.885000000000000231e+00 2.159415311896925289e-09
2.895000000000000018e+00 1.876634735338994395e-09
2.905000000000000249e+00 1.460176068044587514e-09
2.915000000000000036e+00 1.012868610580224238e-09
2.925000000000000266e+00 6.118343383707953470e-10
2.935000000000000053e+00 3.341952268411907423e-10
2.945000000000000284e+00 1.953756710763884658e-10
2.955000000000000071e+00 1.285366257081502915e-10
2.965000000000000302e+00 9.254637050986822742e-11
2.975000000000000089e+00 6.169758033991214300e-11
2.985000000000000320e+00 3.084879016995607796e-11
2.995000000000000107e+00 0.000000000000000000e+00
3.005000000000000338e+00 0.000000000000000000e+00
3.015000000000000124e+00 0.000000000000000000e+00
3.025000000000000355e+00 0.000000000000000000e+00
3.035000000000000142e+00 0.000000000000000000e+00
3.045000000000000373e+00 0.000000000000000000e+00
3.055000000000000160e+00 0.000000000000000000e+00
3.065000000000000391e+00 0.000000000000000000e+00
3.075000000000000178e+00 0.000000000000000000e+00
3.084999999999999964e+00 0.000000000000000000e+00
3.095000000000000195e+00 0.000000000000000000e+00
3.104999999999999982e+00 0.000000000000000000e+00
3.115000000000000213e+00 0.000000000000000000e+00
3.125000000000000000e+00 0.000000000000000000e+00
3.135000000000000231e+00 0.000000000000000000e+00
3.145000000000000018e+00 0.000000000000000000e+00
3.155000000000000249e+00 0.000000000000000000e+00
3.165000000000000036e+00 0.000000000000000000e+00
3.175000000000000266e+00 0.000000000000000000e+00
3.185000000000000053e+00 0.000000000000000000e+00
3.195000000000000284e+00 0.000000000000000000e+00
3.205000000000000071e+00 0.000000000000000000e+00
3.215000000000000302e+00 0.000000000000000000e+00
3.225000000000000089e+00 0.000000000000000000e+00
3.235000000000000320e+00 0.000000000000000000e+00
3.245000000000000107e+00 0.000000000000000000e+00
3.255000000000000338e+00 0.000000000000000000e+00
3.265000000000000124e+00 0.000000000000000000e+00
3.275000000000000355e+00 0.000000000000000000e+00
3.285000000000000142e+00 0.000000000000000000e+00
3.295000000000000373e+00 0.000000000000000000e+00
3.305000000000000160e+00 0.000000000000000000e+00
3.315000000000000391e+00 0.000000000000000000e+00
3.325000000000000178e+00 0.000000000000000000e+00
3.334999999999999964e+00 0.000000000000000000e+00
3.345000000000000195e+00 0.000000000000000000e+00
3.354999999999999982e+00 0.000000000000000000e+00
3.365000000000000213e+00 1.795434490498875618e-11
3.375000000000000000e+00 3.590868980997750589e-11
3.385000000000000231e+00 8.977172452494378734e-11
3.395000000000000018e+00 1.615891041448987862e-10
3.405000000000000249e+00 4.129499328147413597e-10
3.415000000000000036e+00 7.361281411045388287e-10
3.425000000000000266e+00 1.131123729014291452e-09
3.435000000000000053e+00 1.633845386353976495e-09
3.445000000000000284e+00 2.226338768218605843e-09
3.455000000000000071e+00 2.944512564418155729e-09
3.465000000000000302e+00 3.770412430047638448e-09
3.475000000000000089e+00 4.721992710012042118e-09
3.485000000000000320e+00 5.763344714501390093e-09
3.495000000000000107e+00 6.894468443515680717e-09
3.505000000000000338e+00 8.366724725724759202e-09
3.515000000000000124e+00 9.749209283408891728e-09
3.525000000000000355e+00 1.095215039204314061e-08
3.535000000000000142e+00 1.190373067200754345e-08
3.545000000000000373e+00 1.260395012330210687e-08
3.555000000000000160e+00 1.299894571121185619e-08
3.565000000000000391e+00 1.305280874592682426e-08
3.575000000000000178e+00 1.278349357235199052e-08
3.584999999999999964e+00 1.224486322520232800e-08
3.595000000000000195e+00 1.150873508409778917e-08
3.604999999999999982e+00 1.018011356112862141e-08
3.615000000000000213e+00 8.815583348349478242e-09
3.625000000000000000e+00 7.522870515190287539e-09
3.635000000000000231e+00 6.337883751461028843e-09
3.645000000000000018e+00 5.260623057161705463e-09
3.655000000000000249e+00 4.326997122102290322e-09
3.665000000000000036e+00 3.572914636092762137e-09
3.675000000000000266e+00 2.980421254228132789e-09
3.685000000000000053e+00 2.513608286698425218e-09
3.695000000000000284e+00 2.100658353883684893e-09
3.705000000000000071e+00 1.741571455783909330e-09
3.715000000000000302e+00 1.418393247494111861e-09
3.725000000000000089e+00 1.131123729014291658e-09
3.735000000000000320e+00 8.618085554394603999e-10
3.745000000000000107e+00 6.463564165795951448e-10
3.755000000000000338e+00 4.668129675297076735e-10
3.765000000000000124e+00 3.231782082897976241e-10
3.775000000000000355e+00 2.154521388598651000e-10
3.785000000000000142e+00 1.256804143349212868e-10
3.795000000000000373e+00 7.181737961995502470e-11
3.805000000000000160e+00 3.590868980997751235e-11
3.815000000000000391e+00 1.795434490498875618e-11
3.825000000000000178e+00 0.000000000000000000e+00
3.834999999999999964e+00 0.000000000000000000e+00
3.845000000000000195e+00 0.000000000000000000e+00
3.854999999999999982e+00 0.000000000000000000e+00
3.865000000000000213e+00 0.000000000000000000e+00
3.875000000000000000e+00 0.000000000000000000e+00
3.885000000000000231e+00 0.000000000000000000e+00
3.895000000000000018e+00 0.000000000000000000e+00
3.905000000000000249e+00 0.000000000000000000e+00
3.915000000000000036e+00 0.000000000000000000e+00
3.925000000000000266e+00 0.000000000000000000e+00
3.935000000000000053e+00 0.000000000000000000e+00
3.945000000000000284e+00 0.000000000000000000e+00
3.955000000000000071e+00 0.000000000000000000e+00
3.965000000000000302e+00 0.000000000000000000e+00
3.975000000000000089e+00 0.000000000000000000e+00
3.985000000000000320e+00 0.000000000000000000e+00
3.995000000000000107e+00 0.000000000000000000e+00
4.004999999999999893e+00 0.000000000000000000e+00
4.015000000000000568e+00 0.000000000000000000e+00
4.025000000000000355e+00 0.000000000000000000e+00
4.035000000000000142e+00 0.000000000000000000e+00
4.044999999999999929e+00 0.000000000000000000e+00
4.055000000000000604e+00 0.000000000000000000e+00
4.065000000000000391e+00 0.000000000000000000e+00
4.075000000000000178e+00 0.000000000000000000e+00
4.084999999999999964e+00 0.000000000000000000e+00
4.094999999999999751e+00 0.000000000000000000e+00
4.105000000000000426e+00 0.000000000000000000e+00
4.115000000000000213e+00 0.000000000000000000e+00
4.125000000000000000e+00 0.000000000000000000e+00
4.134999999999999787e+00 0.000000000000000000e+00
4.145000000000000462e+00 0.000000000000000000e+00
4.155000000000000249e+00 0.000000000000000000e+00
4.165000000000000036e+00 0.000000000000000000e+00
4.174999999999999822e+00 0.000000000000000000e+00
4.185000000000000497e+00 0.000000000000000000e+00
4.195000000000000284e+00 0.000000000000000000e+00
4.205000000000000071e+00 0.000000000000000000e+00
4.214999999999999858e+00 0.000000000000000000e+00
4.225000000000000533e+00 0.000000000000000000e+00
4.235000000000000320e+00 0.000000000000000000e+00
4.245000000000000107e+00 0.000000000000000000e+00
4.254999999999999893e+00 0.000000000000000000e+00
4.265000000000000568e+00 0.000000000000000000e+00
4.275000000000000355e+00 0.000000000000000000e+00
4.285000000000000142e+00 0.000000000000000000e+00
4.294999999999999929e+00 0.000000000000000000e+00
4.305000000000000604e+00 0.000000000000000000e+00
4.315000000000000391e+00 0.000000000000000000e+00
4.325000000000000178e+00 0.000000000000000000e+00
4.334999999999999964e+00 0.000000000000000000e+00
4.345000000000000639e+00 0.000000000000000000e+00
4.355000000000000426e+00 0.000000000000000000e+00
4.365000000000000213e+00 0.000000000000000000e+00
4.375000000000000000e+00 0.000000000000000000e+00
4.384999999999999787e+00 0.000000000000000000e+00
4.395000000000000462e+00 0.000000000000000000e+00
4.405000000000000249e+00 0.000000000000000000e+00
4.415000000000000036e+00 0.000000000000000000e+00
4.424999999999999822e+00 0.000000000000000000e+00
4.435000000000000497e+00 0.000000000000000000e+00
4.445000000000000284e+00 0.000000000000000000e+00
4.455000000000000071e+00 0.000000000000000000e+00
4.464999999999999858e+00 0.000000000000000000e+00
4.475000000000000533e+00 0.000000000000000000e+00
4.485000000000000320e+00 0.000000000000000000e+00
4.495000000000000107e+00 0.000000000000000000e+00
4.504999999999999893e+00 0.000000000000000000e+00
4.515000000000000568e+00 0.000000000000000000e+00
4.525000000000000355e+00 0.000000000000000000e+00
4.535000000000000142e+00 0.000000000000000000e+00
4.544999999999999929e+00 0.000000000000000000e+00
4.555000000000000604e+00 0.000000000000000000e+00
4.565000000000000391e+00 0.000000000000000000e+00
4.575000000000000178e+00 0.000000000000000000e+00
4.584999999999999964e+00 0.000000000000000000e+00
4.595000000000000639e+00 0.000000000000000000e+00
4.605000000000000426e+00 0.000000000000000000e+00
4.615000000000000213e+00 0.000000000000000000e+00
4.625000000000000000e+00 0.000000000000000000e+00
4.634999999999999787e+00 0.000000000000000000e+00
4.645000000000000462e+00 0.000000000000000000e+00
4.655000000000000249e+00 0.000000000000000000e+00
4.665000000000000036e+00 0.000000000000000000e+00
4.674999999999999822e+00 0.000000000000000000e+00
4.685000000000000497e+00 0.000000000000000000e+00
4.695000000000000284e+00 0.000000000000000000e+00
4.705000000000000071e+00 0.000000000000000000e+00
4.714999999999999858e+00 0.000000000000000000e+00
4.725000000000000533e+00 0.000000000000000000e+00
4.735000000000000320e+00 0.000000000000000000e+00
4.745000000000000107e+00 0.000000000000000000e+00
4.754999999999999893e+00 0.000000000000000000e+00
4.765000000000000568e+00 0.000000000000000000e+00
4.775000000000000355e+00 0.000000000000000000e+00
4.785000000000000142e+00 0.000000000000000000e+00
4.794999999999999929e+00 0.000000000000000000e+00
4.805000000000000604e+00 0.000000000000000000e+00
4.815000000000000391e+00 0.000000000000000000e+00
4.825000000000000178e+00 0.000000000000000000e+00
4.834999999999999964e+00 0.000000000000000000e+00
4.845000000000000639e+00 0.000000000000000000e+00
4.855000000000000426e+00 0.000000000000000000e+00
4.865000000000000213e+00 0.000000000000000000e+00
4.875000000000000000e+00 0.000000000000000000e+00
4.884999999999999787e+00 0.000000000000000000e+00
4.895000000000000462e+00 0.000000000000000000e+00
4.905000000000000249e+00 0.000000000000000000e+00
4.915000000000000036e+00 0.000000000000000000e+00
4.924999999999999822e+00 0.000000000000000000e+00
4.935000000000000497e+00 0.000000000000000000e+00
4.945000000000000284e+00 0.000000000000000000e+00
4.955000000000000071e+00 0.000000000000000000e+00
4.964999999999999858e+00 0.000000000000000000e+00
4.975000000000000533e+00 0.000000000000000000e+00
4.985000000000000320e+00 0.000000000000000000e+00
4.995000000000000107e+00 0.000000000000000000e+00
5.004999999999999893e+00 0.000000000000000000e+00
5.015000000000000568e+00 0.000000000000000000e+00
5.025000000000000355e+00 0.000000000000000000e+00
5.035000000000000142e+00 0.000000000000000000e+00
5.044999999999999929e+00 0.000000000000000000e+00
5.055000000000000604e+00 0.000000000000000000e+00
5.065000000000000391e+00 0.000000000000000000e+00
5.075000000000000178e+00 0.000000000000000000e+00
5.084999999999999964e+00 0.000000000000000000e+00
5.095000000000000639e+00 0.000000000000000000e+00
5.105000000000000426e+00 0.000000000000000000e+00
5.115000000000000213e+00 0.000000000000000000e+00
5.125000000000000000e+00 0.000000000000000000e+00
5.134999999999999787e+00 0.000000000000000000e+00
5.145000000000000462e+00 0.000000000000000000e+00
5.155000000000000249e+00 0.000000000000000000e+00
5.165000000000000036e+00 0.000000000000000000e+00
5.174999999999999822e+00 0.000000000000000000e+00
5.185000000000000497e+00 0.000000000000000000e+00
5.195000000000000284e+00 0.000000000000000000e+00
5.205000000000000071e+00 0.000000000000000000e+00
5.214999999999999858e+00 0.000000000000000000e+00
5.225000000000000533e+00 0.000000000000000000e+00
5.235000000000000320e+00 0.000000000000000000e+00
5.245000000000000107e+00 0.000000000000000000e+00
5.254999999999999893e+00 0.000000000000000000e+00
5.265000000000000568e+00 0.000000000000000000e+00
5.275000000000000355e+00 0.000000000000000000e+00
5.285000000000000142e+00 0.000000000000000000e+00
5.294999999999999929e+00 0.000000000000000000e+00
5.305000000000000604e+00 0.000000000000000000e+00
5.315000000000000391e+00 0.000000000000000000e+00
5.325000000000000178e+00 0.000000000000000000e+00
5.334999999999999964e+00 0.000000000000000000e+00
5.345000000000000639e+00 0.000000000000000000e+00
5.355000000000000426e+00 0.000000000000000000e+00
5.365000000000000213e+00 0.000000000000000000e+00
5.375000000000000000e+00 0.000000000000000000e+00
5.384999999999999787e+00 0.000000000000000000e+00
5.395000000000000462e+00 0.000000000000000000e+00
5.405000000000000249e+00 0.000000000000000000e+00
5.415000000000000036e+00 0.000000000000000000e+00
5.424999999999999822e+00 0.000000000000000000e+00
5.435000000000000497e+00 0.000000000000000000e+00
5.445000000000000284e+00 0.000000000000000000e+00
5.455000000000000071e+00 0.000000000000000000e+00
5.464999999999999858e+00 0.000000000000000000e+00
5.475000000000000533e+00 0.000000000000000000e+00
5.485000000000000320e+00 0.000000000000000000e+00
5.495000000000000107e+00 0.000000000000000000e+00
5.504999999999999893e+00 0.000000000000000000e+00
5.515000000000000568e+00 0.000000000000000000e+00
5.525000000000000355e+00 0.000000000000000000e+00
5.535000000000000142e+00 0.000000000000000000e+00
5.544999999999999929e+00 0.000000000000000000e+00
5.555000000000000604e+00 0.000000000000000000e+00
5.565000000000000391e+00 0.000000000000000000e+00
5.575000000000000178e+00 0.000000000000000000e+00
5.584999999999999964e+00 0.000000000000000000e+00
5.595000000000000639e+00 0.000000000000000000e+00
5.605000000000000426e+00 0.000000000000000000e+00
5.615000000000000213e+00 0.000000000000000000e+00
5.625000000000000000e+00 0.000000000000000000e+00
5.634999999999999787e+00 0.000000000000000000e+00
5.645000000000000462e+00 0.000000000000000000e+00
5.655000000000000249e+00 0.000000000000000000e+00
5.665000000000000036e+00 0.000000000000000000e+00
5.674999999999999822e+00 0.000000000000000000e+00
5.685000000000000497e+00 0.000000000000000000e+00
5.695000000000000284e+00 0.000000000000000000e+00
5.705000000000000071e+00 0.000000000000000000e+00
5.714999999999999858e+00 0.000000000000000000e+00
5.725000000000000533e+00 0.000000000000000000e+00
5.735000000000000320e+00 0.000000000000000000e+00
5.745000000000000107e+00 0.000000000000000000e+00
5.754999999999999893e+00 0.000000000000000000e+00
5.765000000000000568e+00 0.000000000000000000e+00
5.775000000000000355e+00 0.000000000000000000e+00
5.785000000000000142e+00 0.000000000000000000e+00
5.794999999999999929e+00 0.000000000000000000e+00
5.805000000000000604e+00 0.000000000000000000e+00
5.815000000000000391e+00 0.000000000000000000e+00
5.825000000000000178e+00 0.000000000000000000e+00
5.834999999999999964e+00 0.000000000000000000e+00
5.845000000000000639e+00 0.000000000000000000e+00
5.855000000000000426e+00 0.000000000000000000e+00
5.865000000000000213e+00 0.000000000000000000e+00
5.875000000000000000e+00 0.000000000000000000e+00
5.884999999999999787e+00 0.000000000000000000e+00
5.895000000000000462e+00 0.000000000000000000e+00
5.905000000000000249e+00 0.000000000000000000e+00
5.915000000000000036e+00 0.000000000000000000e+00
5.924999999999999822e+00 0.000000000000000000e+00
5.935000000000000497e+00 0.000000000000000000e+00
5.945000000000000284e+00 0.000000000000000000e+00
5.955000000000000071e+00 0.000000000000000000e+00
5.964999999999999858e+00 0.000000000000000000e+00
5.975000000000000533e+00 0.000000000000000000e+00
5.985000000000000320e+00 0.000000000000000000e+00
5.995000000000000107e+00 0.000000000000000000e+00
