-5.000000000000000104e-03 2.498152383946982075e-04
5.000000000000000104e-03 2.422655685982409994e-04
1.499999999999999944e-02 2.347158988017837371e-04
2.499999999999999792e-02 2.271662290053265290e-04
3.500000000000000333e-02 2.196165592088692668e-04
4.500000000000000527e-02 2.158417243569137067e-04
5.500000000000000028e-02 1.138173414796512161e-03
6.500000000000000222e-02 1.132479954163654158e-03
7.499999999999999722e-02 2.695037403706650528e-03
8.499999999999999223e-02 2.852844209470547891e-03
9.500000000000000111e-02 3.799391629730270586e-03
1.049999999999999961e-01 6.228278049105626969e-03
1.149999999999999911e-01 7.374219154890305876e-03
1.250000000000000000e-01 7.683746937097852420e-03
1.350000000000000089e-01 8.021064201629415913e-03
1.449999999999999900e-01 8.841422081818029605e-03
1.549999999999999989e-01 8.023209636103107584e-03
1.650000000000000078e-01 8.323759626443731977e-03
1.749999999999999889e-01 1.317244131889535631e-02
1.849999999999999978e-01 1.312719680068076197e-02
1.950000000000000067e-01 1.428293674122337910e-02
2.049999999999999878e-01 1.475333076230739109e-02
2.149999999999999967e-01 1.832650879802324995e-02
2.250000000000000056e-01 1.912668566727864991e-02
2.349999999999999867e-01 1.942610868468266916e-02
2.449999999999999956e-01 1.924187992095795566e-02
2.550000000000000044e-01 1.955807528955436428e-02
2.650000000000000133e-01 2.287706987228829356e-02
2.750000000000000222e-01 1.902284128045566777e-02
2.849999999999999756e-01 1.953479407890242742e-02
2.949999999999999845e-01 1.798774280383228646e-02
3.049999999999999933e-01 1.576589135766343422e-02
3.150000000000000022e-01 1.151151066519364059e-02
3.250000000000000111e-01 1.160692467077860043e-02
3.350000000000000200e-01 1.222780041449151971e-02
3.450000000000000289e-01 1.187927243562397241e-02
3.549999999999999822e-01 1.205699387083045658e-02
3.649999999999999911e-01 8.465453300498138045e-03
3.750000000000000000e-01 6.693448125856375081e-03
3.850000000000000089e-01 6.314563727072430507e-03
3.950000000000000178e-01 6.505587367258258702e-03
4.050000000000000266e-01 6.774998574678392504e-03
4.149999999999999800e-01 1.081163907314265475e-02
4.249999999999999889e-01 1.429884474711727235e-02
4.349999999999999978e-01 1.474935866678828318e-02
4.450000000000000067e-01 1.729040554927368731e-02
4.550000000000000155e-01 2.043437494576907584e-02
4.650000000000000244e-01 2.715397744574006914e-02
4.749999999999999778e-01 5.956056338687827634e-02
4.849999999999999867e-01 8.220194104257724788e-02
4.949999999999999956e-01 1.028993213536256029e-01
5.050000000000000044e-01 1.419747787310546572e-01
5.150000000000000133e-01 1.764525362424656518e-01
5.250000000000000222e-01 1.995346171791897993e-01
5.350000000000000311e-01 2.436954715615447242e-01
5.450000000000000400e-01 2.898042681889122507e-01
5.550000000000000488e-01 3.394923960567715060e-01
5.650000000000000577e-01 3.775861556887502024e-01
5.749999999999999556e-01 3.929218940928311254e-01
5.849999999999999645e-01 4.180115933266868589e-01
5.949999999999999734e-01 4.312709229532201705e-01
6.049999999999999822e-01 4.622723976836976001e-01
6.149999999999999911e-01 5.673687739749213588e-01
6.250000000000000000e-01 6.428922344207358419e-01
6.350000000000000089e-01 6.476599949836793213e-01
6.450000000000000178e-01 6.407583591382379762e-01
6.550000000000000266e-01 6.087873085068910006e-01
6.650000000000000355e-01 5.796611853024590255e-01
6.750000000000000444e-01 5.485626128958528414e-01
6.850000000000000533e-01 5.052279335886834533e-01
6.950000000000000622e-01 4.748878987256678896e-01
7.049999999999999600e-01 4.104051172696366878e-01
7.149999999999999689e-01 2.688841553950503394e-01
7.249999999999999778e-01 1.671084453391879776e-01
7.349999999999999867e-01 1.173004158119992923e-01
7.449999999999999956e-01 7.552814693893249165e-02
7.550000000000000044e-01 5.440619574760655747e-02
7.650000000000000133e-01 3.966658842574242311e-02
7.750000000000000222e-01 2.384855095946211007e-02
7.850000000000000311e-01 1.964366556172943840e-02
7.950000000000000400e-01 1.576018030811909831e-02
8.050000000000000488e-01 9.500057789320153628e-03
8.150000000000000577e-01 7.215360164390284027e-03
8.250000000000000666e-01 5.779569606605869728e-03
8.349999999999999645e-01 5.482417122074881299e-03
8.449999999999999734e-01 5.751399219041017884e-03
8.549999999999999822e-01 5.521932964641891768e-03
8.649999999999999911e-01 4.823503726800800785e-03
8.750000000000000000e-01 3.648624987297193270e-03
8.850000000000000089e-01 3.264023320630437576e-03
8.950000000000000178e-01 2.905571542782489983e-03
9.050000000000000266e-01 2.960019644729974201e-03
9.150000000000000355e-01 2.675498506184987267e-03
9.250000000000000444e-01 2.579957310463949598e-03
9.350000000000000533e-01 2.061531314644629055e-03
9.450000000000000622e-01 1.547102024680016129e-03
9.549999999999999600e-01 1.468944324497439358e-03
9.649999999999999689e-01 1.139990368920867393e-03
9.749999999999999778e-01 6.868180967983839339e-04
9.849999999999999867e-01 6.332270018360984260e-04
9.949999999999999956e-01 5.120209713762756062e-04
1.005000000000000115e+00 1.779780400136464719e-04
1.015000000000000124e+00 1.614519544892734635e-04
1.025000000000000133e+00 1.626391110275397138e-04
1.035000000000000142e+00 1.551608284194534498e-04
1.045000000000000151e+00 1.401640446458825805e-04
1.055000000000000160e+00 8.493041372376726949e-05
1.065000000000000169e+00 6.224804267683482165e-05
1.075000000000000178e+00 6.234757632948542867e-05
1.085000000000000187e+00 6.246142781593027541e-05
1.095000000000000195e+00 6.264049442599921660e-05
1.105000000000000204e+00 6.138692905875708927e-05
1.115000000000000213e+00 3.182414018043219561e-05
1.125000000000000222e+00 1.171141037546389650e-05
1.135000000000000231e+00 4.516128022294189848e-06
1.145000000000000240e+00 1.427195389018845607e-06
1.155000000000000027e+00 7.382858219442369760e-07
1.165000000000000036e+00 5.724604429291889963e-07
1.175000000000000044e+00 4.729267902785754675e-07
1.185000000000000053e+00 3.068590933139388139e-07
1.195000000000000062e+00 8.598108675673408842e-08
1.205000000000000071e+00 6.604108232516813513e-08
1.215000000000000080e+00 9.617323095505692598e-09
1.225000000000000089e+00 7.812161031844096889e-09
1.235000000000000098e+00 2.508697621551271089e-08
1.245000000000000107e+00 4.514007821713253936e-08
1.255000000000000115e+00 5.414536820428499511e-08
1.265000000000000124e+00 5.414536820428499511e-08
1.275000000000000133e+00 5.414536820428500173e-08
1.285000000000000142e+00 5.414536820428500173e-08
1.295000000000000151e+00 5.414536820428500173e-08
1.305000000000000160e+00 5.414536820428500173e-08
1.315000000000000169e+00 5.414536820428501497e-08
1.325000000000000178e+00 5.414536820428501497e-08
1.335000000000000187e+00 3.609691213619002101e-08
1.345000000000000195e+00 9.078827514698143557e-09
1.355000000000000204e+00 3.821963645544727909e-10
1.365000000000000213e+00 1.201188574314057402e-09
1.375000000000000222e+00 2.729997182334027961e-09
1.385000000000000231e+00 5.460017514470136353e-09
1.395000000000000240e+00 1.026484126113260808e-08
1.405000000000000027e+00 1.796346063208102351e-08
1.415000000000000036e+00 2.844669981581618646e-08
1.425000000000000044e+00 3.936678114436061672e-08
1.435000000000000053e+00 4.821217480738908331e-08
1.445000000000000062e+00 5.350869482733435033e-08
1.455000000000000071e+00 5.602075708310743284e-08
1.465000000000000080e+00 5.689497381817383553e-08
1.475000000000000089e+00 5.684116143079394341e-08
1.485000000000000098e+00 5.569561407822414179e-08
1.495000000000000107e+00 5.253018688900775854e-08
1.505000000000000115e+00 4.647131132253662975e-08
1.515000000000000124e+00 3.773736215161123318e-08
1.525000000000000133e+00 2.889446866720743977e-08
1.535000000000000142e+00 2.261795912160241029e-08
1.545000000000000151e+00 1.983595523645075464e-08
1.555000000000000160e+00 1.896511837248810131e-08
1.565000000000000169e+00 1.885876683684272253e-08
1.575000000000000178e+00 1.869781582054670047e-08
1.585000000000000187e+00 1.799063849972348445e-08
1.595000000000000195e+00 1.684624863725771093e-08
1.605000000000000204e+00 1.542835207589297478e-08
1.615000000000000213e+00 1.373704141483759110e-08
1.625000000000000222e+00 1.166316399239445075e-08
1.635000000000000231e+00 9.097636596272670993e-09
1.645000000000000240e+00 6.532479596984181423e-09
1.655000000000000249e+00 4.568287281686006706e-09
1.665000000000000036e+00 3.040242617134690536e-09
1.675000000000000044e+00 1.783922116722143496e-09
1.685000000000000053e+00 9.631936718065242748e-10
1.695000000000000062e+00 5.239439475808832807e-10
1.705000000000000071e+00 3.027680487286715597e-10
1.715000000000000080e+00 2.452516930158942443e-10
1.725000000000000089e+00 2.968416993960728030e-10
1.735000000000000098e+00 3.482928069637686798e-10
1.745000000000000107e+00 3.990957200732115925e-10
1.755000000000000115e+00 5.583799506194380003e-10
1.765000000000000124e+00 7.726572084516713119e-10
1.775000000000000133e+00 1.206374129980081321e-09
1.785000000000000142e+00 1.914222795063628568e-09
1.795000000000000151e+00 2.841256476020468198e-09
1.805000000000000160e+00 3.714176822170358134e-09
1.815000000000000169e+00 4.150509671333860118e-09
1.825000000000000178e+00 4.259407685208091142e-09
1.835000000000000187e+00 4.259199336989367274e-09
1.845000000000000195e+00 4.259037288374805093e-09
1.855000000000000204e+00 4.149722578063125506e-09
1.865000000000000213e+00 3.931232056252248084e-09
1.875000000000000222e+00 3.494389911442976232e-09
1.885000000000000231e+00 2.839172993833226211e-09
1.895000000000000240e+00 1.965581303423002984e-09
1.905000000000000249e+00 1.201188574314057609e-09
1.915000000000000036e+00 8.735916904102234335e-10
1.925000000000000044e+00 8.189922097595846111e-10
1.935000000000000053e+00 8.735916904102234335e-10
1.945000000000000062e+00 8.735916904102234335e-10
1.955000000000000071e+00 8.189922097595846111e-10
1.965000000000000080e+00 7.643927291089455818e-10
1.975000000000000089e+00 7.097932484583066560e-10
1.985000000000000098e+00 6.005942871570287010e-10
1.995000000000000107e+00 4.913953258557507460e-10
2.005000000000000338e+00 3.821963645544728426e-10
2.015000000000000124e+00 2.729974032531948876e-10
2.025000000000000355e+00 1.638117340382174829e-10
2.035000000000000142e+00 5.462606482324003950e-11
2.044999999999999929e+00 3.987625890159155314e-14
2.055000000000000160e+00 5.316834520212206455e-14
2.064999999999999947e+00 7.975251780318310629e-14
2.075000000000000178e+00 1.063366904042441291e-13
2.084999999999999964e+00 1.462129493058357264e-13
2.095000000000000195e+00 1.860892082074272859e-13
2.104999999999999982e+00 2.392575534095493062e-13
2.115000000000000213e+00 3.057179849122019390e-13
2.125000000000000000e+00 3.588863301143240856e-13
2.135000000000000231e+00 4.253467616169766173e-13
2.145000000000000018e+00 5.050992794201597867e-13
2.155000000000000249e+00 5.981438835238733918e-13
2.165000000000000036e+00 6.911884876275870979e-13
2.175000000000000266e+00 7.975251780318310881e-13
2.185000000000000053e+00 9.171539547366056655e-13
2.195000000000000284e+00 1.050074817741910931e-12
2.205000000000000071e+00 1.222871939648807756e-12
2.215000000000000302e+00 1.408961147856235168e-12
2.225000000000000089e+00 1.621634528664723754e-12
2.235000000000000320e+00 1.860892082074272505e-12
2.245000000000000107e+00 2.140025894385413623e-12
2.255000000000000338e+00 2.445743879297615512e-12
2.265000000000000124e+00 2.778046036810878171e-12
2.275000000000000355e+00 3.150224453225733399e-12
2.285000000000000142e+00 3.548987042241648993e-12
2.295000000000000373e+00 9.767663708694388813e-10
2.305000000000000160e+00 1.427192761028531637e-08
2.314999999999999947e+00 5.285938938750765247e-08
2.325000000000000178e+00 1.177119437396020716e-07
2.334999999999999964e+00 1.627847034867099683e-07
2.345000000000000195e+00 1.715404033800110803e-07
2.354999999999999982e+00 1.718653940264174064e-07
2.365000000000000213e+00 1.718661649674228497e-07
2.375000000000000000e+00 1.718669757846871682e-07
2.385000000000000231e+00 1.718678663544693433e-07
2.395000000000000018e+00 1.708960978080488960e-07
2.405000000000000249e+00 1.576027044161109937e-07
2.415000000000000036e+00 1.190172364518337201e-07
2.425000000000000266e+00 5.416679554146110859e-08
2.435000000000000053e+00 9.096202404420152948e-09
2.445000000000000284e+00 3.427887499626993520e-10
2.455000000000000071e+00 1.967228772478516556e-11
2.465000000000000302e+00 2.015080283160426831e-11
2.475000000000000089e+00 1.977862441518941349e-11
2.485000000000000320e+00 1.902097549605917285e-11
2.495000000000000107e+00 1.795760859201673234e-11
2.505000000000000338e+00 1.648218701265784727e-11
2.515000000000000124e+00 1.468775536208622487e-11
2.525000000000000355e+00 1.269394241700664730e-11
2.535000000000000142e+00 1.056720860892176467e-11
2.545000000000000373e+00 8.227801420028392642e-12
2.555000000000000160e+00 6.233988474948814266e-12
2.564999999999999947e+00 4.798443154491518126e-12
2.575000000000000178e+00 4.120546753164461817e-12
2.584999999999999964e+00 3.708492077848016443e-12
2.595000000000000195e+00 3.429358265536874517e-12
2.604999999999999982e+00 3.229976971028916518e-12
2.615000000000000213e+00 3.097056108023611454e-12
2.625000000000000000e+00 3.030595676520958519e-12
2.635000000000000231e+00 3.004011503919897344e-12
2.645000000000000018e+00 3.030595676520958922e-12
2.655000000000000249e+00 3.097056108023610646e-12
2.665000000000000036e+00 3.216684884728385527e-12
2.675000000000000266e+00 3.362897834034221581e-12
2.685000000000000053e+00 3.522402869640587415e-12
2.695000000000000284e+00 3.708492077848014827e-12
2.705000000000000071e+00 3.894581286055442239e-12
2.715000000000000302e+00 4.093962580563399835e-12
2.725000000000000089e+00 4.293343875071358238e-12
2.735000000000000320e+00 4.506017255879846016e-12
2.745000000000000107e+00 4.718690636688333795e-12
2.755000000000000338e+00 4.931364017496821573e-12
2.765000000000000124e+00 5.117453225704249793e-12
2.775000000000000355e+00 5.276958261310615223e-12
2.785000000000000142e+00 5.396587038015390911e-12
2.795000000000000373e+00 5.476339555818574434e-12
2.805000000000000160e+00 5.489631642119104618e-12
2.814999999999999947e+00 5.436463296916982269e-12
2.825000000000000178e+00 5.276958261310616031e-12
2.834999999999999964e+00 4.997824448999475721e-12
2.845000000000000195e+00 4.625646032584621704e-12
2.854999999999999982e+00 4.200299270967644532e-12
2.865000000000000213e+00 3.748368336749606993e-12
2.875000000000000000e+00 3.296437402531568646e-12
2.885000000000000231e+00 2.857798554614062097e-12
2.895000000000000018e+00 2.445743879297616320e-12
2.905000000000000249e+00 2.046981290281700725e-12
2.915000000000000036e+00 1.701387046467907075e-12
2.925000000000000266e+00 1.462129493058357315e-12
2.935000000000000053e+00 1.329208630053052049e-12
2.945000000000000284e+00 1.262748198550399113e-12
2.955000000000000071e+00 1.236164025949337939e-12
2.965000000000000302e+00 1.222871939648807756e-12
2.975000000000000089e+00 1.209579853348277371e-12
2.985000000000000320e+00 1.182995680747216600e-12
2.995000000000000107e+00 1.129827335545094454e-12
3.005000000000000338e+00 1.063366904042441922e-12
3.015000000000000124e+00 9.836143862392586012e-13
3.025000000000000355e+00 8.772776958350143080e-13
3.035000000000000142e+00 7.709410054307704187e-13
3.045000000000000373e+00 6.646043150265262265e-13
3.055000000000000160e+00 5.582676246222819333e-13
3.065000000000000391e+00 4.652230205185683283e-13
3.075000000000000178e+00 3.721784164148546727e-13
3.084999999999999964e+00 2.924258986116715538e-13
3.095000000000000195e+00 2.259654671090188706e-13
3.104999999999999982e+00 1.727971219068968250e-13
3.115000000000000213e+00 1.329208630053052403e-13
3.125000000000000000e+00 1.063366904042441543e-13
3.135000000000000231e+00 7.975251780318311891e-14
3.145000000000000018e+00 6.646043150265260750e-14
3.155000000000000249e+00 5.316834520212208979e-14
3.165000000000000036e+00 3.987625890159156577e-14
3.175000000000000266e+00 2.658417260106104490e-14
3.185000000000000053e+00 1.329208630053052245e-14
3.195000000000000284e+00 0.000000000000000000e+00
3.205000000000000071e+00 0.000000000000000000e+00
3.215000000000000302e+00 0.000000000000000000e+00
3.225000000000000089e+00 0.000000000000000000e+00
3.235000000000000320e+00 0.000000000000000000e+00
3.245000000000000107e+00 0.000000000000000000e+00
3.255000000000000338e+00 0.000000000000000000e+00
3.265000000000000124e+00 0.000000000000000000e+00
3.275000000000000355e+00 0.000000000000000000e+00
3.285000000000000142e+00 0.000000000000000000e+00
3.295000000000000373e+00 0.000000000000000000e+00
3.305000000000000160e+00 4.627294749575162816e-14
3.315000000000000391e+00 9.254589499150323108e-14
3.325000000000000178e+00 1.388188424872548214e-13
3.334999999999999964e+00 1.850917899830064369e-13
3.345000000000000195e+00 2.313647374787580524e-13
3.354999999999999982e+00 2.776376849745096427e-13
3.365000000000000213e+00 3.239106324702611825e-13
3.375000000000000000e+00 3.701835799660128233e-13
3.385000000000000231e+00 4.164565274617644641e-13
3.395000000000000018e+00 4.627294749575162059e-13
3.405000000000000249e+00 5.090024224532678466e-13
3.415000000000000036e+00 5.552753699490193865e-13
3.425000000000000266e+00 6.015483174447709263e-13
3.435000000000000053e+00 6.478212649405225670e-13
3.445000000000000284e+00 6.940942124362742078e-13
3.455000000000000071e+00 7.403671599320256467e-13
3.465000000000000302e+00 7.866401074277772874e-13
3.475000000000000089e+00 8.329130549235289282e-13
3.485000000000000320e+00 8.791860024192808719e-13
3.495000000000000107e+00 9.254589499150324117e-13
3.505000000000000338e+00 9.254589499150324117e-13
3.515000000000000124e+00 9.254589499150324117e-13
3.525000000000000355e+00 8.791860024192808719e-13
3.535000000000000142e+00 8.329130549235292311e-13
3.545000000000000373e+00 7.866401074277775904e-13
3.555000000000000160e+00 7.403671599320260506e-13
3.565000000000000391e+00 6.940942124362744098e-13
3.575000000000000178e+00 6.478212649405227690e-13
3.584999999999999964e+00 6.015483174447711282e-13
3.595000000000000195e+00 5.090024224532677457e-13
3.604999999999999982e+00 4.164565274617646156e-13
3.615000000000000213e+00 3.239106324702612835e-13
3.625000000000000000e+00 2.776376849745096427e-13
3.635000000000000231e+00 2.313647374787581029e-13
3.645000000000000018e+00 1.850917899830064622e-13
3.655000000000000249e+00 1.388188424872548466e-13
3.665000000000000036e+00 9.254589499150324370e-14
3.675000000000000266e+00 4.627294749575162816e-14
3.685000000000000053e+00 0.000000000000000000e+00
3.695000000000000284e+00 0.000000000000000000e+00
3.705000000000000071e+00 0.000000000000000000e+00
3.715000000000000302e+00 0.000000000000000000e+00
3.725000000000000089e+00 0.000000000000000000e+00
3.735000000000000320e+00 0.000000000000000000e+00
3.745000000000000107e+00 0.000000000000000000e+00
3.755000000000000338e+00 0.000000000000000000e+00
3.765000000000000124e+00 0.000000000000000000e+00
3.775000000000000355e+00 0.000000000000000000e+00
3.785000000000000142e+00 0.000000000000000000e+00
3.795000000000000373e+00 0.000000000000000000e+00
3.805000000000000160e+00 0.000000000000000000e+00
3.815000000000000391e+00 0.000000000000000000e+00
3.825000000000000178e+00 0.000000000000000000e+00
3.834999999999999964e+00 0.000000000000000000e+00
3.845000000000000195e+00 0.000000000000000000e+00
3.854999999999999982e+00 0.000000000000000000e+00
3.865000000000000213e+00 0.000000000000000000e+00
3.875000000000000000e+00 0.000000000000000000e+00
3.885000000000000231e+00 0.000000000000000000e+00
3.895000000000000018e+00 0.000000000000000000e+00
3.905000000000000249e+00 0.000000000000000000e+00
3.915000000000000036e+00 0.000000000000000000e+00
3.925000000000000266e+00 0.000000000000000000e+00
3.935000000000000053e+00 0.000000000000000000e+00
3.945000000000000284e+00 0.000000000000000000e+00
3.955000000000000071e+00 0.000000000000000000e+00
3.965000000000000302e+00 0.000000000000000000e+00
3.975000000000000089e+00 0.000000000000000000e+00
3.985000000000000320e+00 0.000000000000000000e+00
3.995000000000000107e+00 0.000000000000000000e+00
4.004999999999999893e+00 0.000000000000000000e+00
4.015000000000000568e+00 0.000000000000000000e+00
4.025000000000000355e+00 0.000000000000000000e+00
4.035000000000000142e+00 0.000000000000000000e+00
4.044999999999999929e+00 0.000000000000000000e+00
4.055000000000000604e+00 0.000000000000000000e+00
4.065000000000000391e+00 0.000000000000000000e+00
4.075000000000000178e+00 0.000000000000000000e+00
4.084999999999999964e+00 0.000000000000000000e+00
4.094999999999999751e+00 0.000000000000000000e+00
4.105000000000000426e+00 0.000000000000000000e+00
4.115000000000000213e+00 0.000000000000000000e+00
4.125000000000000000e+00 0.000000000000000000e+00
4.134999999999999787e+00 0.000000000000000000e+00
4.145000000000000462e+00 0.000000000000000000e+00
4.155000000000000249e+00 0.000000000000000000e+00
4.165000000000000036e+00 0.000000000000000000e+00
4.174999999999999822e+00 0.000000000000000000e+00
4.185000000000000497e+00 0.000000000000000000e+00
4.195000000000000284e+00 0.000000000000000000e+00
4.205000000000000071e+00 0.000000000000000000e+00
4.214999999999999858e+00 0.000000000000000000e+00
4.225000000000000533e+00 0.000000000000000000e+00
4.235000000000000320e+00 0.000000000000000000e+00
4.245000000000000107e+00 0.000000000000000000e+00
4.254999999999999893e+00 0.000000000000000000e+00
4.265000000000000568e+00 0.000000000000000000e+00
4.275000000000000355e+00 0.000000000000000000e+00
4.285000000000000142e+00 0.000000000000000000e+00
4.294999999999999929e+00 0.000000000000000000e+00
4.305000000000000604e+00 0.000000000000000000e+00
4.315000000000000391e+00 0.000000000000000000e+00
4.325000000000000178e+00 0.000000000000000000e+00
4.334999999999999964e+00 0.000000000000000000e+00
4.345000000000000639e+00 0.000000000000000000e+00
4.355000000000000426e+00 0.000000000000000000e+00
4.365000000000000213e+00 0.000000000000000000e+00
4.375000000000000000e+00 0.000000000000000000e+00
4.384999999999999787e+00 0.000000000000000000e+00
4.395000000000000462e+00 0.000000000000000000e+00
4.405000000000000249e+00 0.000000000000000000e+00
4.415000000000000036e+00 0.000000000000000000e+00
4.424999999999999822e+00 0.000000000000000000e+00
4.435000000000000497e+00 0.000000000000000000e+00
4.445000000000000284e+00 0.000000000000000000e+00
4.455000000000000071e+00 0.000000000000000000e+00
4.464999999999999858e+00 0.000000000000000000e+00
4.475000000000000533e+00 0.000000000000000000e+00
4.485000000000000320e+00 0.000000000000000000e+00
4.495000000000000107e+00 0.000000000000000000e+00
4.504999999999999893e+00 0.000000000000000000e+00
4.515000000000000568e+00 0.000000000000000000e+00
4.525000000000000355e+00 0.000000000000000000e+00
4.535000000000000142e+00 0.000000000000000000e+00
4.544999999999999929e+00 0.000000000000000000e+00
4.555000000000000604e+00 0.000000000000000000e+00
4.565000000000000391e+00 0.000000000000000000e+00
4.575000000000000178e+00 0.000000000000000000e+00
4.584999999999999964e+00 0.000000000000000000e+00
4.595000000000000639e+00 0.000000000000000000e+00
4.605000000000000426e+00 0.000000000000000000e+00
4.615000000000000213e+00 0.000000000000000000e+00
4.625000000000000000e+00 0.000000000000000000e+00
4.634999999999999787e+00 0.000000000000000000e+00
4.645000000000000462e+00 0.000000000000000000e+00
4.655000000000000249e+00 0.000000000000000000e+00
4.665000000000000036e+00 0.000000000000000000e+00
4.674999999999999822e+00 0.000000000000000000e+00
4.685000000000000497e+00 0.000000000000000000e+00
4.695000000000000284e+00 0.000000000000000000e+00
4.705000000000000071e+00 0.000000000000000000e+00
4.714999999999999858e+00 0.000000000000000000e+00
4.725000000000000533e+00 0.000000000000000000e+00
4.735000000000000320e+00 0.000000000000000000e+00
4.745000000000000107e+00 0.000000000000000000e+00
4.754999999999999893e+00 0.000000000000000000e+00
4.765000000000000568e+00 0.000000000000000000e+00
4.775000000000000355e+00 0.000000000000000000e+00
4.785000000000000142e+00 0.000000000000000000e+00
4.794999999999999929e+00 0.000000000000000000e+00
4.805000000000000604e+00 0.000000000000000000e+00
4.815000000000000391e+00 0.000000000000000000e+00
4.825000000000000178e+00 0.000000000000000000e+00
4.834999999999999964e+00 0.000000000000000000e+00
4.845000000000000639e+00 0.000000000000000000e+00
4.855000000000000426e+00 0.000000000000000000e+00
4.865000000000000213e+00 0.000000000000000000e+00
4.875000000000000000e+00 0.000000000000000000e+00
4.884999999999999787e+00 0.000000000000000000e+00
4.895000000000000462e+00 0.000000000000000000e+00
4.905000000000000249e+00 0.000000000000000000e+00
4.915000000000000036e+00 0.000000000000000000e+00
4.924999999999999822e+00 0.000000000000000000e+00
4.935000000000000497e+00 0.000000000000000000e+00
4.945000000000000284e+00 0.000000000000000000e+00
4.955000000000000071e+00 0.000000000000000000e+00
4.964999999999999858e+00 0.000000000000000000e+00
4.975000000000000533e+00 0.000000000000000000e+00
4.985000000000000320e+00 0.000000000000000000e+00
4.995000000000000107e+00 0.000000000000000000e+00
5.004999999999999893e+00 0.000000000000000000e+00
5.015000000000000568e+00 0.000000000000000000e+00
5.025000000000000355e+00 0.000000000000000000e+00
5.035000000000000142e+00 0.000000000000000000e+00
5.044999999999999929e+00 0.000000000000000000e+00
5.055000000000000604e+00 0.000000000000000000e+00
5.065000000000000391e+00 0.000000000000000000e+00
5.075000000000000178e+00 0.000000000000000000e+00
5.084999999999999964e+00 0.000000000000000000e+00
5.095000000000000639e+00 0.000000000000000000e+00
5.105000000000000426e+00 0.000000000000000000e+00
5.115000000000000213e+00 0.000000000000000000e+00
5.125000000000000000e+00 0.000000000000000000e+00
5.134999999999999787e+00 0.000000000000000000e+00
5.145000000000000462e+00 0.000000000000000000e+00
5.155000000000000249e+00 0.000000000000000000e+00
5.165000000000000036e+00 0.000000000000000000e+00
5.174999999999999822e+00 0.000000000000000000e+00
5.185000000000000497e+00 0.000000000000000000e+00
5.195000000000000284e+00 0.000000000000000000e+00
5.205000000000000071e+00 0.000000000000000000e+00
5.214999999999999858e+00 0.000000000000000000e+00
5.225000000000000533e+00 0.000000000000000000e+00
5.235000000000000320e+00 0.000000000000000000e+00
5.245000000000000107e+00 0.000000000000000000e+00
5.254999999999999893e+00 0.000000000000000000e+00
5.265000000000000568e+00 0.000000000000000000e+00
5.275000000000000355e+00 0.000000000000000000e+00
5.285000000000000142e+00 0.000000000000000000e+00
5.294999999999999929e+00 0.000000000000000000e+00
5.305000000000000604e+00 0.000000000000000000e+00
5.315000000000000391e+00 0.000000000000000000e+00
5.325000000000000178e+00 0.000000000000000000e+00
5.334999999999999964e+00 0.000000000000000000e+00
5.345000000000000639e+00 0.000000000000000000e+00
5.355000000000000426e+00 0.000000000000000000e+00
5.365000000000000213e+00 0.000000000000000000e+00
5.375000000000000000e+00 0.000000000000000000e+00
5.384999999999999787e+00 0.000000000000000000e+00
5.395000000000000462e+00 0.000000000000000000e+00
5.405000000000000249e+00 0.000000000000000000e+00
5.415000000000000036e+00 0.000000000000000000e+00
5.424999999999999822e+00 0.000000000000000000e+00
5.435000000000000497e+00 0.000000000000000000e+00
5.445000000000000284e+00 0.000000000000000000e+00
5.455000000000000071e+00 0.000000000000000000e+00
5.464999999999999858e+00 0.000000000000000000e+00
5.475000000000000533e+00 0.000000000000000000e+00
5.485000000000000320e+00 0.000000000000000000e+00
5.495000000000000107e+00 0.000000000000000000e+00
5.504999999999999893e+00 0.000000000000000000e+00
5.515000000000000568e+00 0.000000000000000000e+00
5.525000000000000355e+00 0.000000000000000000e+00
5.535000000000000142e+00 0.000000000000000000e+00
5.544999999999999929e+00 0.000000000000000000e+00
5.555000000000000604e+00 0.000000000000000000e+00
5.565000000000000391e+00 0.000000000000000000e+00
5.575000000000000178e+00 0.000000000000000000e+00
5.584999999999999964e+00 0.000000000000000000e+00
5.595000000000000639e+00 0.000000000000000000e+00
5.605000000000000426e+00 0.000000000000000000e+00
5.615000000000000213e+00 0.000000000000000000e+00
5.625000000000000000e+00 0.000000000000000000e+00
5.634999999999999787e+00 0.000000000000000000e+00
5.645000000000000462e+00 0.000000000000000000e+00
5.655000000000000249e+00 0.000000000000000000e+00
5.665000000000000036e+00 0.000000000000000000e+00
5.674999999999999822e+00 0.000000000000000000e+00
5.685000000000000497e+00 0.000000000000000000e+00
5.695000000000000284e+00 0.000000000000000000e+00
5.705000000000000071e+00 0.000000000000000000e+00
5.714999999999999858e+00 0.000000000000000000e+00
5.725000000000000533e+00 0.000000000000000000e+00
5.735000000000000320e+00 0.000000000000000000e+00
5.745000000000000107e+00 0.000000000000000000e+00
5.754999999999999893e+00 0.000000000000000000e+00
5.765000000000000568e+00 0.000000000000000000e+00
5.775000000000000355e+00 0.000000000000000000e+00
5.785000000000000142e+00 0.000000000000000000e+00
5.794999999999999929e+00 0.000000000000000000e+00
5.805000000000000604e+00 0.000000000000000000e+00
5.815000000000000391e+00 0.000000000000000000e+00
5.825000000000000178e+00 0.000000000000000000e+00
5.834999999999999964e+00 0.000000000000000000e+00
5.845000000000000639e+00 0.000000000000000000e+00
5.855000000000000426e+00 0.000000000000000000e+00
5.865000000000000213e+00 0.000000000000000000e+00
5.875000000000000000e+00 0.000000000000000000e+00
5.884999999999999787e+00 0.000000000000000000e+00
5.895000000000000462e+00 0.000000000000000000e+00
5.905000000000000249e+00 0.000000000000000000e+00
5.915000000000000036e+00 0.000000000000000000e+00
5.924999999999999822e+00 0.000000000000000000e+00
5.935000000000000497e+00 0.000000000000000000e+00
5.945000000000000284e+00 0.000000000000000000e+00
5.955000000000000071e+00 0.000000000000000000e+00
5.964999999999999858e+00 0.000000000000000000e+00
5.975000000000000533e+00 0.000000000000000000e+00
5.985000000000000320e+00 0.000000000000000000e+00
5.995000000000000107e+00 0.000000000000000000e+00
