-5.000000000000000104e-03 3.047119248363753597e-05
5.000000000000000104e-03 2.656463176935493486e-05
1.499999999999999944e-02 2.265807105507233713e-05
2.499999999999999792e-02 1.875151034078973941e-05
3.500000000000000333e-02 1.484494962650713829e-05
4.500000000000000527e-02 2.082997117055514525e-05
5.500000000000000028e-02 1.408562290603567228e-04
6.500000000000000222e-02 1.873450397693074518e-04
7.499999999999999722e-02 2.190428557161975480e-04
8.499999999999999223e-02 2.294578753513716238e-04
9.500000000000000111e-02 1.850550951780406076e-03
1.049999999999999961e-01 4.830536663496385295e-03
1.149999999999999911e-01 1.114439448665033479e-02
1.250000000000000000e-01 1.200694973466338855e-02
1.350000000000000089e-01 1.377573733372153969e-02
1.449999999999999900e-01 1.391004088018060400e-02
1.549999999999999989e-01 1.512105468136566884e-02
1.650000000000000078e-01 2.340259286129858438e-02
1.749999999999999889e-01 3.032115899074158336e-02
1.849999999999999978e-01 3.391952120294196987e-02
1.950000000000000067e-01 4.091612273483181961e-02
2.049999999999999878e-01 5.079293987606222499e-02
2.149999999999999967e-01 5.139374988044372733e-02
2.250000000000000056e-01 5.337597763647347615e-02
2.349999999999999867e-01 5.625940756300095574e-02
2.449999999999999956e-01 6.243088752316247603e-02
2.550000000000000044e-01 7.370267279242899428e-02
2.650000000000000133e-01 8.535169544706251721e-02
2.750000000000000222e-01 1.027598182566485385e-01
2.849999999999999756e-01 1.217554109732328360e-01
2.949999999999999845e-01 1.408823694546971206e-01
3.049999999999999933e-01 1.583821169414271202e-01
3.150000000000000022e-01 1.889551331189618377e-01
3.250000000000000111e-01 2.521483800454948354e-01
3.350000000000000200e-01 2.835266436162187653e-01
3.450000000000000289e-01 3.041103057960992118e-01
3.549999999999999822e-01 3.428475790228528441e-01
3.649999999999999911e-01 3.398426769392940416e-01
3.750000000000000000e-01 3.700152443523246348e-01
3.850000000000000089e-01 3.741785388523791722e-01
3.950000000000000178e-01 3.746742589280762648e-01
4.050000000000000266e-01 3.899145814309950553e-01
4.149999999999999800e-01 4.175170749683412841e-01
4.249999999999999889e-01 3.936540972635126923e-01
4.349999999999999978e-01 3.810991466342814049e-01
4.450000000000000067e-01 4.003080972714304075e-01
4.550000000000000155e-01 3.820080178095089929e-01
4.650000000000000244e-01 4.168812826278266437e-01
4.749999999999999778e-01 4.333233663473433639e-01
4.849999999999999867e-01 4.462535346565416061e-01
4.949999999999999956e-01 4.286523746741975893e-01
5.050000000000000044e-01 3.928505330695265529e-01
5.150000000000000133e-01 3.337966921683960253e-01
5.250000000000000222e-01 2.948218620276900626e-01
5.350000000000000311e-01 2.741177075208390823e-01
5.450000000000000400e-01 2.292312597587329859e-01
5.550000000000000488e-01 1.976120565654646000e-01
5.650000000000000577e-01 1.470227480607059767e-01
5.749999999999999556e-01 7.619839173023890133e-02
5.849999999999999645e-01 3.652314411197973842e-02
5.949999999999999734e-01 2.600489051765271856e-02
6.049999999999999822e-01 1.680631409722109157e-02
6.149999999999999911e-01 1.110823301861745514e-02
6.250000000000000000e-01 8.043026301041528506e-03
6.350000000000000089e-01 5.386273970476166892e-03
6.450000000000000178e-01 4.808903572436067954e-03
6.550000000000000266e-01 3.471321003695784866e-03
6.650000000000000355e-01 2.253868250189824604e-03
6.750000000000000444e-01 2.210840817575995994e-03
6.850000000000000533e-01 2.215554082910458668e-03
6.950000000000000622e-01 2.190705168605446701e-03
7.049999999999999600e-01 1.602348319339696580e-03
7.149999999999999689e-01 1.265778770669059123e-03
7.249999999999999778e-01 1.151833778637043840e-03
7.349999999999999867e-01 1.039203946095944254e-03
7.449999999999999956e-01 4.681237369910026531e-04
7.550000000000000044e-01 4.342098703125466018e-04
7.650000000000000133e-01 3.865281131792749490e-04
7.750000000000000222e-01 4.464322649971919120e-04
7.850000000000000311e-01 4.197482670070732508e-04
7.950000000000000400e-01 3.236375915877918747e-04
8.050000000000000488e-01 3.168114634243364620e-04
8.150000000000000577e-01 4.136759680019645139e-04
8.250000000000000666e-01 5.071358725970448889e-04
8.349999999999999645e-01 5.195716188255334895e-04
8.449999999999999734e-01 5.158324834429316597e-04
8.549999999999999822e-01 4.820341172948373084e-04
8.649999999999999911e-01 5.212566806765258839e-04
8.750000000000000000e-01 4.281285181147675110e-04
8.850000000000000089e-01 4.323572485414372353e-04
8.950000000000000178e-01 4.334045840858037298e-04
9.050000000000000266e-01 4.353903666578803444e-04
9.150000000000000355e-01 3.391807196847355411e-04
9.250000000000000444e-01 2.259727954691301386e-04
9.350000000000000533e-01 2.131841257206037381e-04
9.450000000000000622e-01 1.505243736456713126e-04
9.549999999999999600e-01 1.355002316495419019e-04
9.649999999999999689e-01 9.241664341143145112e-05
9.749999999999999778e-01 1.998652971290478385e-05
9.849999999999999867e-01 1.514339171506422145e-05
9.949999999999999956e-01 5.879373253674674034e-05
1.005000000000000115e+00 5.553610868116933431e-05
1.015000000000000124e+00 5.319523584485867900e-05
1.025000000000000133e+00 5.187287779518278736e-05
1.035000000000000142e+00 5.023200155082915657e-05
1.045000000000000151e+00 4.519463270824471178e-05
1.055000000000000160e+00 4.469767636604891854e-05
1.065000000000000169e+00 4.469767636604892532e-05
1.075000000000000178e+00 4.469767636604892532e-05
1.085000000000000187e+00 4.469767636604893209e-05
1.095000000000000195e+00 0.000000000000000000e+00
1.105000000000000204e+00 0.000000000000000000e+00
1.115000000000000213e+00 0.000000000000000000e+00
1.125000000000000222e+00 0.000000000000000000e+00
1.135000000000000231e+00 0.000000000000000000e+00
1.145000000000000240e+00 0.000000000000000000e+00
1.155000000000000027e+00 0.000000000000000000e+00
1.165000000000000036e+00 0.000000000000000000e+00
1.175000000000000044e+00 0.000000000000000000e+00
1.185000000000000053e+00 0.000000000000000000e+00
1.195000000000000062e+00 0.000000000000000000e+00
1.205000000000000071e+00 0.000000000000000000e+00
1.215000000000000080e+00 0.000000000000000000e+00
1.225000000000000089e+00 0.000000000000000000e+00
1.235000000000000098e+00 0.000000000000000000e+00
1.245000000000000107e+00 0.000000000000000000e+00
1.255000000000000115e+00 0.000000000000000000e+00
1.265000000000000124e+00 0.000000000000000000e+00
1.275000000000000133e+00 0.000000000000000000e+00
1.285000000000000142e+00 0.000000000000000000e+00
1.295000000000000151e+00 0.000000000000000000e+00
1.305000000000000160e+00 0.000000000000000000e+00
1.315000000000000169e+00 0.000000000000000000e+00
1.325000000000000178e+00 0.000000000000000000e+00
1.335000000000000187e+00 0.000000000000000000e+00
1.345000000000000195e+00 0.000000000000000000e+00
1.355000000000000204e+00 0.000000000000000000e+00
1.365000000000000213e+00 0.000000000000000000e+00
1.375000000000000222e+00 0.000000000000000000e+00
1.385000000000000231e+00 0.000000000000000000e+00
1.395000000000000240e+00 0.000000000000000000e+00
1.405000000000000027e+00 0.000000000000000000e+00
1.415000000000000036e+00 0.000000000000000000e+00
1.425000000000000044e+00 0.000000000000000000e+00
1.435000000000000053e+00 0.000000000000000000e+00
1.445000000000000062e+00 0.000000000000000000e+00
1.455000000000000071e+00 0.000000000000000000e+00
1.465000000000000080e+00 0.000000000000000000e+00
1.475000000000000089e+00 0.000000000000000000e+00
1.485000000000000098e+00 0.000000000000000000e+00
1.495000000000000107e+00 0.000000000000000000e+00
1.505000000000000115e+00 0.000000000000000000e+00
1.515000000000000124e+00 0.000000000000000000e+00
1.525000000000000133e+00 0.000000000000000000e+00
1.535000000000000142e+00 0.000000000000000000e+00
1.545000000000000151e+00 0.000000000000000000e+00
1.555000000000000160e+00 0.000000000000000000e+00
1.565000000000000169e+00 0.000000000000000000e+00
1.575000000000000178e+00 0.000000000000000000e+00
1.585000000000000187e+00 0.000000000000000000e+00
1.595000000000000195e+00 0.000000000000000000e+00
1.605000000000000204e+00 0.000000000000000000e+00
1.615000000000000213e+00 0.000000000000000000e+00
1.625000000000000222e+00 0.000000000000000000e+00
1.635000000000000231e+00 0.000000000000000000e+00
1.645000000000000240e+00 0.000000000000000000e+00
1.655000000000000249e+00 0.000000000000000000e+00
1.665000000000000036e+00 0.000000000000000000e+00
1.675000000000000044e+00 0.000000000000000000e+00
1.685000000000000053e+00 0.000000000000000000e+00
1.695000000000000062e+00 0.000000000000000000e+00
1.705000000000000071e+00 0.000000000000000000e+00
1.715000000000000080e+00 0.000000000000000000e+00
1.725000000000000089e+00 0.000000000000000000e+00
1.735000000000000098e+00 0.000000000000000000e+00
1.745000000000000107e+00 0.000000000000000000e+00
1.755000000000000115e+00 0.000000000000000000e+00
1.765000000000000124e+00 0.000000000000000000e+00
1.775000000000000133e+00 0.000000000000000000e+00
1.785000000000000142e+00 0.000000000000000000e+00
1.795000000000000151e+00 0.000000000000000000e+00
1.805000000000000160e+00 0.000000000000000000e+00
1.815000000000000169e+00 0.000000000000000000e+00
1.825000000000000178e+00 0.000000000000000000e+00
1.835000000000000187e+00 0.000000000000000000e+00
1.845000000000000195e+00 0.000000000000000000e+00
1.855000000000000204e+00 0.000000000000000000e+00
1.865000000000000213e+00 0.000000000000000000e+00
1.875000000000000222e+00 0.000000000000000000e+00
1.885000000000000231e+00 0.000000000000000000e+00
1.895000000000000240e+00 0.000000000000000000e+00
1.905000000000000249e+00 0.000000000000000000e+00
1.915000000000000036e+00 0.000000000000000000e+00
1.925000000000000044e+00 0.000000000000000000e+00
1.935000000000000053e+00 0.000000000000000000e+00
1.945000000000000062e+00 0.000000000000000000e+00
1.955000000000000071e+00 0.000000000000000000e+00
1.965000000000000080e+00 0.000000000000000000e+00
1.975000000000000089e+00 0.000000000000000000e+00
1.985000000000000098e+00 0.000000000000000000e+00
1.995000000000000107e+00 0.000000000000000000e+00
2.005000000000000338e+00 0.000000000000000000e+00
2.015000000000000124e+00 0.000000000000000000e+00
2.025000000000000355e+00 0.000000000000000000e+00
2.035000000000000142e+00 0.000000000000000000e+00
2.044999999999999929e+00 0.000000000000000000e+00
2.055000000000000160e+00 0.000000000000000000e+00
2.064999999999999947e+00 0.000000000000000000e+00
2.075000000000000178e+00 0.000000000000000000e+00
2.084999999999999964e+00 0.000000000000000000e+00
2.095000000000000195e+00 0.000000000000000000e+00
2.104999999999999982e+00 0.000000000000000000e+00
2.115000000000000213e+00 0.000000000000000000e+00
2.125000000000000000e+00 0.000000000000000000e+00
2.135000000000000231e+00 0.000000000000000000e+00
2.145000000000000018e+00 0.000000000000000000e+00
2.155000000000000249e+00 0.000000000000000000e+00
2.165000000000000036e+00 0.000000000000000000e+00
2.175000000000000266e+00 0.000000000000000000e+00
2.185000000000000053e+00 0.000000000000000000e+00
2.195000000000000284e+00 0.000000000000000000e+00
2.205000000000000071e+00 0.000000000000000000e+00
2.215000000000000302e+00 0.000000000000000000e+00
2.225000000000000089e+00 0.000000000000000000e+00
2.235000000000000320e+00 0.000000000000000000e+00
2.245000000000000107e+00 0.000000000000000000e+00
2.255000000000000338e+00 0.000000000000000000e+00
2.265000000000000124e+00 0.000000000000000000e+00
2.275000000000000355e+00 0.000000000000000000e+00
2.285000000000000142e+00 0.000000000000000000e+00
2.295000000000000373e+00 0.000000000000000000e+00
2.305000000000000160e+00 0.000000000000000000e+00
2.314999999999999947e+00 0.000000000000000000e+00
2.325000000000000178e+00 0.000000000000000000e+00
2.334999999999999964e+00 0.000000000000000000e+00
2.345000000000000195e+00 0.000000000000000000e+00
2.354999999999999982e+00 0.000000000000000000e+00
2.365000000000000213e+00 0.000000000000000000e+00
2.375000000000000000e+00 0.000000000000000000e+00
2.385000000000000231e+00 0.000000000000000000e+00
2.395000000000000018e+00 0.000000000000000000e+00
2.405000000000000249e+00 0.000000000000000000e+00
2.415000000000000036e+00 0.000000000000000000e+00
2.425000000000000266e+00 0.000000000000000000e+00
2.435000000000000053e+00 0.000000000000000000e+00
2.445000000000000284e+00 0.000000000000000000e+00
2.455000000000000071e+00 0.000000000000000000e+00
2.465000000000000302e+00 0.000000000000000000e+00
2.475000000000000089e+00 0.000000000000000000e+00
2.485000000000000320e+00 0.000000000000000000e+00
2.495000000000000107e+00 0.000000000000000000e+00
2.505000000000000338e+00 0.000000000000000000e+00
2.515000000000000124e+00 0.000000000000000000e+00
2.525000000000000355e+00 0.000000000000000000e+00
2.535000000000000142e+00 0.000000000000000000e+00
2.545000000000000373e+00 0.000000000000000000e+00
2.555000000000000160e+00 0.000000000000000000e+00
2.564999999999999947e+00 0.000000000000000000e+00
2.575000000000000178e+00 0.000000000000000000e+00
2.584999999999999964e+00 0.000000000000000000e+00
2.595000000000000195e+00 0.000000000000000000e+00
2.604999999999999982e+00 0.000000000000000000e+00
2.615000000000000213e+00 0.000000000000000000e+00
2.625000000000000000e+00 0.000000000000000000e+00
2.635000000000000231e+00 0.000000000000000000e+00
2.645000000000000018e+00 0.000000000000000000e+00
2.655000000000000249e+00 0.000000000000000000e+00
2.665000000000000036e+00 0.000000000000000000e+00
2.675000000000000266e+00 0.000000000000000000e+00
2.685000000000000053e+00 0.000000000000000000e+00
2.695000000000000284e+00 0.000000000000000000e+00
2.705000000000000071e+00 0.000000000000000000e+00
2.715000000000000302e+00 0.000000000000000000e+00
2.725000000000000089e+00 0.000000000000000000e+00
2.735000000000000320e+00 0.000000000000000000e+00
2.745000000000000107e+00 0.000000000000000000e+00
2.755000000000000338e+00 0.000000000000000000e+00
2.765000000000000124e+00 0.000000000000000000e+00
2.775000000000000355e+00 0.000000000000000000e+00
2.785000000000000142e+00 0.000000000000000000e+00
2.795000000000000373e+00 0.000000000000000000e+00
2.805000000000000160e+00 0.000000000000000000e+00
2.814999999999999947e+00 0.000000000000000000e+00
2.825000000000000178e+00 0.000000000000000000e+00
2.834999999999999964e+00 0.000000000000000000e+00
2.845000000000000195e+00 0.000000000000000000e+00
2.854999999999999982e+00 0.000000000000000000e+00
2.865000000000000213e+00 0.000000000000000000e+00
2.875000000000000000e+00 0.000000000000000000e+00
2.885000000000000231e+00 0.000000000000000000e+00
2.895000000000000018e+00 0.000000000000000000e+00
2.905000000000000249e+00 0.000000000000000000e+00
2.915000000000000036e+00 0.000000000000000000e+00
2.925000000000000266e+00 0.000000000000000000e+00
2.935000000000000053e+00 0.000000000000000000e+00
2.945000000000000284e+00 0.000000000000000000e+00
2.955000000000000071e+00 0.000000000000000000e+00
2.965000000000000302e+00 0.000000000000000000e+00
2.975000000000000089e+00 0.000000000000000000e+00
2.985000000000000320e+00 0.000000000000000000e+00
2.995000000000000107e+00 0.000000000000000000e+00
3.005000000000000338e+00 0.000000000000000000e+00
3.015000000000000124e+00 0.000000000000000000e+00
3.025000000000000355e+00 0.000000000000000000e+00
3.035000000000000142e+00 0.000000000000000000e+00
3.045000000000000373e+00 0.000000000000000000e+00
3.055000000000000160e+00 0.000000000000000000e+00
3.065000000000000391e+00 0.000000000000000000e+00
3.075000000000000178e+00 0.000000000000000000e+00
3.084999999999999964e+00 0.000000000000000000e+00
3.095000000000000195e+00 0.000000000000000000e+00
3.104999999999999982e+00 0.000000000000000000e+00
3.115000000000000213e+00 0.000000000000000000e+00
3.125000000000000000e+00 0.000000000000000000e+00
3.135000000000000231e+00 0.000000000000000000e+00
3.145000000000000018e+00 0.000000000000000000e+00
3.155000000000000249e+00 0.000000000000000000e+00
3.165000000000000036e+00 0.000000000000000000e+00
3.175000000000000266e+00 0.000000000000000000e+00
3.185000000000000053e+00 0.000000000000000000e+00
3.195000000000000284e+00 0.000000000000000000e+00
3.205000000000000071e+00 0.000000000000000000e+00
3.215000000000000302e+00 0.000000000000000000e+00
3.225000000000000089e+00 0.000000000000000000e+00
3.235000000000000320e+00 0.000000000000000000e+00
3.245000000000000107e+00 0.000000000000000000e+00
3.255000000000000338e+00 0.000000000000000000e+00
3.265000000000000124e+00 0.000000000000000000e+00
3.275000000000000355e+00 0.000000000000000000e+00
3.285000000000000142e+00 0.000000000000000000e+00
3.295000000000000373e+00 0.000000000000000000e+00
3.305000000000000160e+00 0.000000000000000000e+00
3.315000000000000391e+00 0.000000000000000000e+00
3.325000000000000178e+00 0.000000000000000000e+00
3.334999999999999964e+00 0.000000000000000000e+00
3.345000000000000195e+00 0.000000000000000000e+00
3.354999999999999982e+00 0.000000000000000000e+00
3.365000000000000213e+00 0.000000000000000000e+00
3.375000000000000000e+00 0.000000000000000000e+00
3.385000000000000231e+00 0.000000000000000000e+00
3.395000000000000018e+00 0.000000000000000000e+00
3.405000000000000249e+00 0.000000000000000000e+00
3.415000000000000036e+00 0.000000000000000000e+00
3.425000000000000266e+00 0.000000000000000000e+00
3.435000000000000053e+00 0.000000000000000000e+00
3.445000000000000284e+00 0.000000000000000000e+00
3.455000000000000071e+00 0.000000000000000000e+00
3.465000000000000302e+00 0.000000000000000000e+00
3.475000000000000089e+00 0.000000000000000000e+00
3.485000000000000320e+00 0.000000000000000000e+00
3.495000000000000107e+00 0.000000000000000000e+00
3.505000000000000338e+00 0.000000000000000000e+00
3.515000000000000124e+00 0.000000000000000000e+00
3.525000000000000355e+00 0.000000000000000000e+00
3.535000000000000142e+00 0.000000000000000000e+00
3.545000000000000373e+00 0.000000000000000000e+00
3.555000000000000160e+00 0.000000000000000000e+00
3.565000000000000391e+00 0.000000000000000000e+00
3.575000000000000178e+00 0.000000000000000000e+00
3.584999999999999964e+00 0.000000000000000000e+00
3.595000000000000195e+00 0.000000000000000000e+00
3.604999999999999982e+00 0.000000000000000000e+00
3.615000000000000213e+00 0.000000000000000000e+00
3.625000000000000000e+00 0.000000000000000000e+00
3.635000000000000231e+00 0.000000000000000000e+00
3.645000000000000018e+00 0.000000000000000000e+00
3.655000000000000249e+00 0.000000000000000000e+00
3.665000000000000036e+00 0.000000000000000000e+00
3.675000000000000266e+00 0.000000000000000000e+00
3.685000000000000053e+00 0.000000000000000000e+00
3.695000000000000284e+00 0.000000000000000000e+00
3.705000000000000071e+00 0.000000000000000000e+00
3.715000000000000302e+00 0.000000000000000000e+00
3.725000000000000089e+00 0.000000000000000000e+00
3.735000000000000320e+00 0.000000000000000000e+00
3.745000000000000107e+00 0.000000000000000000e+00
3.755000000000000338e+00 0.000000000000000000e+00
3.765000000000000124e+00 0.000000000000000000e+00
3.775000000000000355e+00 0.000000000000000000e+00
3.785000000000000142e+00 0.000000000000000000e+00
3.795000000000000373e+00 0.000000000000000000e+00
3.805000000000000160e+00 0.000000000000000000e+00
3.815000000000000391e+00 0.000000000000000000e+00
3.825000000000000178e+00 0.000000000000000000e+00
3.834999999999999964e+00 0.000000000000000000e+00
3.845000000000000195e+00 0.000000000000000000e+00
3.854999999999999982e+00 0.000000000000000000e+00
3.865000000000000213e+00 0.000000000000000000e+00
3.875000000000000000e+00 0.000000000000000000e+00
3.885000000000000231e+00 0.000000000000000000e+00
3.895000000000000018e+00 0.000000000000000000e+00
3.905000000000000249e+00 0.000000000000000000e+00
3.915000000000000036e+00 0.000000000000000000e+00
3.925000000000000266e+00 0.000000000000000000e+00
3.935000000000000053e+00 0.000000000000000000e+00
3.945000000000000284e+00 0.000000000000000000e+00
3.955000000000000071e+00 0.000000000000000000e+00
3.965000000000000302e+00 0.000000000000000000e+00
3.975000000000000089e+00 0.000000000000000000e+00
3.985000000000000320e+00 0.000000000000000000e+00
3.995000000000000107e+00 0.000000000000000000e+00
4.004999999999999893e+00 0.000000000000000000e+00
4.015000000000000568e+00 0.000000000000000000e+00
4.025000000000000355e+00 0.000000000000000000e+00
4.035000000000000142e+00 0.000000000000000000e+00
4.044999999999999929e+00 0.000000000000000000e+00
4.055000000000000604e+00 0.000000000000000000e+00
4.065000000000000391e+00 0.000000000000000000e+00
4.075000000000000178e+00 0.000000000000000000e+00
4.084999999999999964e+00 0.000000000000000000e+00
4.094999999999999751e+00 0.000000000000000000e+00
4.105000000000000426e+00 0.000000000000000000e+00
4.115000000000000213e+00 0.000000000000000000e+00
4.125000000000000000e+00 0.000000000000000000e+00
4.134999999999999787e+00 0.000000000000000000e+00
4.145000000000000462e+00 0.000000000000000000e+00
4.155000000000000249e+00 0.000000000000000000e+00
4.165000000000000036e+00 0.000000000000000000e+00
4.174999999999999822e+00 0.000000000000000000e+00
4.185000000000000497e+00 0.000000000000000000e+00
4.195000000000000284e+00 0.000000000000000000e+00
4.205000000000000071e+00 0.000000000000000000e+00
4.214999999999999858e+00 0.000000000000000000e+00
4.225000000000000533e+00 0.000000000000000000e+00
4.235000000000000320e+00 0.000000000000000000e+00
4.245000000000000107e+00 0.000000000000000000e+00
4.254999999999999893e+00 0.000000000000000000e+00
4.265000000000000568e+00 0.000000000000000000e+00
4.275000000000000355e+00 0.000000000000000000e+00
4.285000000000000142e+00 0.000000000000000000e+00
4.294999999999999929e+00 0.000000000000000000e+00
4.305000000000000604e+00 0.000000000000000000e+00
4.315000000000000391e+00 0.000000000000000000e+00
4.325000000000000178e+00 0.000000000000000000e+00
4.334999999999999964e+00 0.000000000000000000e+00
4.345000000000000639e+00 0.000000000000000000e+00
4.355000000000000426e+00 0.000000000000000000e+00
4.365000000000000213e+00 0.000000000000000000e+00
4.375000000000000000e+00 0.000000000000000000e+00
4.384999999999999787e+00 0.000000000000000000e+00
4.395000000000000462e+00 0.000000000000000000e+00
4.405000000000000249e+00 0.000000000000000000e+00
4.415000000000000036e+00 0.000000000000000000e+00
4.424999999999999822e+00 0.000000000000000000e+00
4.435000000000000497e+00 0.000000000000000000e+00
4.445000000000000284e+00 0.000000000000000000e+00
4.455000000000000071e+00 0.000000000000000000e+00
4.464999999999999858e+00 0.000000000000000000e+00
4.475000000000000533e+00 0.000000000000000000e+00
4.485000000000000320e+00 0.000000000000000000e+00
4.495000000000000107e+00 0.000000000000000000e+00
4.504999999999999893e+00 0.000000000000000000e+00
4.515000000000000568e+00 0.000000000000000000e+00
4.525000000000000355e+00 0.000000000000000000e+00
4.535000000000000142e+00 0.000000000000000000e+00
4.544999999999999929e+00 0.000000000000000000e+00
4.555000000000000604e+00 0.000000000000000000e+00
4.565000000000000391e+00 0.000000000000000000e+00
4.575000000000000178e+00 0.000000000000000000e+00
4.584999999999999964e+00 0.000000000000000000e+00
4.595000000000000639e+00 0.000000000000000000e+00
4.605000000000000426e+00 0.000000000000000000e+00
4.615000000000000213e+00 0.000000000000000000e+00
4.625000000000000000e+00 0.000000000000000000e+00
4.634999999999999787e+00 0.000000000000000000e+00
4.645000000000000462e+00 0.000000000000000000e+00
4.655000000000000249e+00 0.000000000000000000e+00
4.665000000000000036e+00 0.000000000000000000e+00
4.674999999999999822e+00 0.000000000000000000e+00
4.685000000000000497e+00 0.000000000000000000e+00
4.695000000000000284e+00 0.000000000000000000e+00
4.705000000000000071e+00 0.000000000000000000e+00
4.714999999999999858e+00 0.000000000000000000e+00
4.725000000000000533e+00 0.000000000000000000e+00
4.735000000000000320e+00 0.000000000000000000e+00
4.745000000000000107e+00 0.000000000000000000e+00
4.754999999999999893e+00 0.000000000000000000e+00
4.765000000000000568e+00 0.000000000000000000e+00
4.775000000000000355e+00 0.000000000000000000e+00
4.785000000000000142e+00 0.000000000000000000e+00
4.794999999999999929e+00 0.000000000000000000e+00
4.805000000000000604e+00 0.000000000000000000e+00
4.815000000000000391e+00 0.000000000000000000e+00
4.825000000000000178e+00 0.000000000000000000e+00
4.834999999999999964e+00 0.000000000000000000e+00
4.845000000000000639e+00 0.000000000000000000e+00
4.855000000000000426e+00 0.000000000000000000e+00
4.865000000000000213e+00 0.000000000000000000e+00
4.875000000000000000e+00 0.000000000000000000e+00
4.884999999999999787e+00 0.000000000000000000e+00
4.895000000000000462e+00 0.000000000000000000e+00
4.905000000000000249e+00 0.000000000000000000e+00
4.915000000000000036e+00 0.000000000000000000e+00
4.924999999999999822e+00 0.000000000000000000e+00
4.935000000000000497e+00 0.000000000000000000e+00
4.945000000000000284e+00 0.000000000000000000e+00
4.955000000000000071e+00 0.000000000000000000e+00
4.964999999999999858e+00 0.000000000000000000e+00
4.975000000000000533e+00 0.000000000000000000e+00
4.985000000000000320e+00 0.000000000000000000e+00
4.995000000000000107e+00 0.000000000000000000e+00
5.004999999999999893e+00 0.000000000000000000e+00
5.015000000000000568e+00 0.000000000000000000e+00
5.025000000000000355e+00 0.000000000000000000e+00
5.035000000000000142e+00 0.000000000000000000e+00
5.044999999999999929e+00 0.000000000000000000e+00
5.055000000000000604e+00 0.000000000000000000e+00
5.065000000000000391e+00 0.000000000000000000e+00
5.075000000000000178e+00 0.000000000000000000e+00
5.084999999999999964e+00 0.000000000000000000e+00
5.095000000000000639e+00 0.000000000000000000e+00
5.105000000000000426e+00 0.000000000000000000e+00
5.115000000000000213e+00 0.000000000000000000e+00
5.125000000000000000e+00 0.000000000000000000e+00
5.134999999999999787e+00 0.000000000000000000e+00
5.145000000000000462e+00 0.000000000000000000e+00
5.155000000000000249e+00 0.000000000000000000e+00
5.165000000000000036e+00 0.000000000000000000e+00
5.174999999999999822e+00 0.000000000000000000e+00
5.185000000000000497e+00 0.000000000000000000e+00
5.195000000000000284e+00 0.000000000000000000e+00
5.205000000000000071e+00 0.000000000000000000e+00
5.214999999999999858e+00 0.000000000000000000e+00
5.225000000000000533e+00 0.000000000000000000e+00
5.235000000000000320e+00 0.000000000000000000e+00
5.245000000000000107e+00 0.000000000000000000e+00
5.254999999999999893e+00 0.000000000000000000e+00
5.265000000000000568e+00 0.000000000000000000e+00
5.275000000000000355e+00 0.000000000000000000e+00
5.285000000000000142e+00 0.000000000000000000e+00
5.294999999999999929e+00 0.000000000000000000e+00
5.305000000000000604e+00 0.000000000000000000e+00
5.315000000000000391e+00 0.000000000000000000e+00
5.325000000000000178e+00 0.000000000000000000e+00
5.334999999999999964e+00 0.000000000000000000e+00
5.345000000000000639e+00 0.000000000000000000e+00
5.355000000000000426e+00 0.000000000000000000e+00
5.365000000000000213e+00 0.000000000000000000e+00
5.375000000000000000e+00 0.000000000000000000e+00
5.384999999999999787e+00 0.000000000000000000e+00
5.395000000000000462e+00 0.000000000000000000e+00
5.405000000000000249e+00 0.000000000000000000e+00
5.415000000000000036e+00 0.000000000000000000e+00
5.424999999999999822e+00 0.000000000000000000e+00
5.435000000000000497e+00 0.000000000000000000e+00
5.445000000000000284e+00 0.000000000000000000e+00
5.455000000000000071e+00 0.000000000000000000e+00
5.464999999999999858e+00 0.000000000000000000e+00
5.475000000000000533e+00 0.000000000000000000e+00
5.485000000000000320e+00 0.000000000000000000e+00
5.495000000000000107e+00 0.000000000000000000e+00
5.504999999999999893e+00 0.000000000000000000e+00
5.515000000000000568e+00 0.000000000000000000e+00
5.525000000000000355e+00 0.000000000000000000e+00
5.535000000000000142e+00 0.000000000000000000e+00
5.544999999999999929e+00 0.000000000000000000e+00
5.555000000000000604e+00 0.000000000000000000e+00
5.565000000000000391e+00 0.000000000000000000e+00
5.575000000000000178e+00 0.000000000000000000e+00
5.584999999999999964e+00 0.000000000000000000e+00
5.595000000000000639e+00 0.000000000000000000e+00
5.605000000000000426e+00 0.000000000000000000e+00
5.615000000000000213e+00 0.000000000000000000e+00
5.625000000000000000e+00 0.000000000000000000e+00
5.634999999999999787e+00 0.000000000000000000e+00
5.645000000000000462e+00 0.000000000000000000e+00
5.655000000000000249e+00 0.000000000000000000e+00
5.665000000000000036e+00 0.000000000000000000e+00
5.674999999999999822e+00 0.000000000000000000e+00
5.685000000000000497e+00 0.000000000000000000e+00
5.695000000000000284e+00 0.000000000000000000e+00
5.705000000000000071e+00 0.000000000000000000e+00
5.714999999999999858e+00 0.000000000000000000e+00
5.725000000000000533e+00 0.000000000000000000e+00
5.735000000000000320e+00 0.000000000000000000e+00
5.745000000000000107e+00 0.000000000000000000e+00
5.754999999999999893e+00 0.000000000000000000e+00
5.765000000000000568e+00 0.000000000000000000e+00
5.775000000000000355e+00 0.000000000000000000e+00
5.785000000000000142e+00 0.000000000000000000e+00
5.794999999999999929e+00 0.000000000000000000e+00
5.805000000000000604e+00 0.000000000000000000e+00
5.815000000000000391e+00 0.000000000000000000e+00
5.825000000000000178e+00 0.000000000000000000e+00
5.834999999999999964e+00 0.000000000000000000e+00
5.845000000000000639e+00 0.000000000000000000e+00
5.855000000000000426e+00 0.000000000000000000e+00
5.865000000000000213e+00 0.000000000000000000e+00
5.875000000000000000e+00 0.000000000000000000e+00
5.884999999999999787e+00 0.000000000000000000e+00
5.895000000000000462e+00 0.000000000000000000e+00
5.905000000000000249e+00 0.000000000000000000e+00
5.915000000000000036e+00 0.000000000000000000e+00
5.924999999999999822e+00 0.000000000000000000e+00
5.935000000000000497e+00 0.000000000000000000e+00
5.945000000000000284e+00 0.000000000000000000e+00
5.955000000000000071e+00 0.000000000000000000e+00
5.964999999999999858e+00 0.000000000000000000e+00
5.975000000000000533e+00 0.000000000000000000e+00
5.985000000000000320e+00 0.000000000000000000e+00
5.995000000000000107e+00 0.000000000000000000e+00
