-5.000000000000000104e-03 0.000000000000000000e+00
5.000000000000000104e-03 0.000000000000000000e+00
1.499999999999999944e-02 0.000000000000000000e+00
2.499999999999999792e-02 2.092355936016185411e-04
3.500000000000000333e-02 7.815849703707131342e-04
4.500000000000000527e-02 4.137952363568627757e-03
5.500000000000000028e-02 1.347876278655512836e-02
6.500000000000000222e-02 2.233897009292912239e-02
7.499999999999999722e-02 2.387254185710490501e-02
8.499999999999999223e-02 2.446189468072652168e-02
9.500000000000000111e-02 2.778902157847445639e-02
1.049999999999999961e-01 3.398314759824509756e-02
1.149999999999999911e-01 7.672419235411194471e-02
1.250000000000000000e-01 9.236814050167438395e-02
1.350000000000000089e-01 1.038076017747372320e-01
1.449999999999999900e-01 1.248098378792732027e-01
1.549999999999999989e-01 1.644986129464867664e-01
1.650000000000000078e-01 2.323349406834339381e-01
1.749999999999999889e-01 3.537321180012777955e-01
1.849999999999999978e-01 3.590400877100504151e-01
1.950000000000000067e-01 3.957049916167867387e-01
2.049999999999999878e-01 4.452769195694600279e-01
2.149999999999999967e-01 4.498092656293772307e-01
2.250000000000000056e-01 4.707847011569146201e-01
2.349999999999999867e-01 4.797956406360524007e-01
2.449999999999999956e-01 4.769724340856826283e-01
2.550000000000000044e-01 5.110786928199925194e-01
2.650000000000000133e-01 5.027350444070008972e-01
2.750000000000000222e-01 4.660747563011996553e-01
2.849999999999999756e-01 5.702922240327616965e-01
2.949999999999999845e-01 6.061220706387074886e-01
3.049999999999999933e-01 6.165122620611228621e-01
3.150000000000000022e-01 6.239542765712293715e-01
3.250000000000000111e-01 6.694809936210572854e-01
3.350000000000000200e-01 6.751149907861244692e-01
3.450000000000000289e-01 6.700565406354173081e-01
3.549999999999999822e-01 5.993528152981830726e-01
3.649999999999999911e-01 5.401829460151121864e-01
3.750000000000000000e-01 4.736959587772010538e-01
3.850000000000000089e-01 3.825474513815436128e-01
3.950000000000000178e-01 3.171281624079372308e-01
4.050000000000000266e-01 2.533617312591777693e-01
4.149999999999999800e-01 2.043744514850748817e-01
4.249999999999999889e-01 1.334596775826047965e-01
4.349999999999999978e-01 1.076744041009440739e-01
4.450000000000000067e-01 9.339745571010646397e-02
4.550000000000000155e-01 8.400968048118166720e-02
4.650000000000000244e-01 7.558905286279508917e-02
4.749999999999999778e-01 5.655379852393502271e-02
4.849999999999999867e-01 4.131173551614747419e-02
4.949999999999999956e-01 3.129879984085837119e-02
5.050000000000000044e-01 2.913081940754572163e-02
5.150000000000000133e-01 2.473603699859938665e-02
5.250000000000000222e-01 1.356382527418937764e-02
5.350000000000000311e-01 1.226122046174334991e-02
5.450000000000000400e-01 1.043722206311373246e-02
5.550000000000000488e-01 7.400267919075610192e-03
5.650000000000000577e-01 6.637699930979260206e-03
5.749999999999999556e-01 5.931016616961921548e-03
5.849999999999999645e-01 2.206015350809902801e-03
5.949999999999999734e-01 1.893342744195189095e-03
6.049999999999999822e-01 1.699656199884668839e-03
6.149999999999999911e-01 3.451101505010180414e-04
6.250000000000000000e-01 2.771726027685385415e-04
6.350000000000000089e-01 2.649265332015054812e-04
6.450000000000000178e-01 1.760465688538480203e-04
6.550000000000000266e-01 1.744696715985898235e-04
6.650000000000000355e-01 1.799278798708462941e-04
6.750000000000000444e-01 1.377231123895089366e-04
6.850000000000000533e-01 1.369026222464953760e-04
6.950000000000000622e-01 5.776631157475978283e-05
7.049999999999999600e-01 2.730371695195112840e-05
7.149999999999999689e-01 2.731313249957888911e-05
7.249999999999999778e-01 2.731761186282789341e-05
7.349999999999999867e-01 1.268876076157305742e-05
7.449999999999999956e-01 1.174398939816648644e-05
7.550000000000000044e-01 5.815016770130453949e-06
7.650000000000000133e-01 2.321636934296097755e-07
7.750000000000000222e-01 8.533462383825061691e-08
7.850000000000000311e-01 5.620659890812067808e-08
7.950000000000000400e-01 3.378169401340475903e-08
8.050000000000000488e-01 2.037496018822495761e-08
8.150000000000000577e-01 1.177362177426695406e-08
8.250000000000000666e-01 1.186376207752612959e-08
8.349999999999999645e-01 5.140401007602045077e-08
8.449999999999999734e-01 8.460420725516223417e-08
8.549999999999999822e-01 8.575758579849999367e-08
8.649999999999999911e-01 1.806106731210834195e-07
8.750000000000000000e-01 4.404821452377501672e-07
8.850000000000000089e-01 6.119973168347501545e-07
8.950000000000000178e-01 6.548761097340000190e-07
9.050000000000000266e-01 6.613728965369167903e-07
9.150000000000000355e-01 6.613728965369168962e-07
9.250000000000000444e-01 6.548761097340004425e-07
9.350000000000000533e-01 6.132966741953336570e-07
9.450000000000000622e-01 5.795133828201670394e-07
9.549999999999999600e-01 5.782140254595836428e-07
9.649999999999999689e-01 4.833609381370002434e-07
9.749999999999999778e-01 2.235876170753397595e-07
9.849999999999999867e-01 5.629294084361110682e-08
9.949999999999999956e-01 3.304435894562356843e-08
1.005000000000000115e+00 4.409321734333552373e-08
1.015000000000000124e+00 5.417938236348442396e-08
1.025000000000000133e+00 6.448524313914723020e-08
1.035000000000000142e+00 7.930605244510039407e-08
1.045000000000000151e+00 8.912115794573161667e-08
1.055000000000000160e+00 9.304720014598411366e-08
1.065000000000000169e+00 9.334165331100306384e-08
1.075000000000000178e+00 9.334165331100309031e-08
1.085000000000000187e+00 8.912115794573165638e-08
1.095000000000000195e+00 6.949094694446915823e-08
1.105000000000000204e+00 5.064594438325719388e-08
1.115000000000000213e+00 4.000340233478618578e-08
1.125000000000000222e+00 3.382521007168577566e-08
1.135000000000000231e+00 2.249228065884781976e-08
1.145000000000000240e+00 1.346143217560342720e-08
1.155000000000000027e+00 9.535389975350931875e-09
1.165000000000000036e+00 9.240936810331994932e-09
1.175000000000000044e+00 9.142785755325683169e-09
1.185000000000000053e+00 9.142785755325683169e-09
1.195000000000000062e+00 9.142785755325684823e-09
1.205000000000000071e+00 9.142785755325684823e-09
1.215000000000000080e+00 8.399805423064455641e-09
1.225000000000000089e+00 4.272136910502070282e-09
1.235000000000000098e+00 7.842570173868535201e-10
1.245000000000000107e+00 0.000000000000000000e+00
1.255000000000000115e+00 0.000000000000000000e+00
1.265000000000000124e+00 0.000000000000000000e+00
1.275000000000000133e+00 0.000000000000000000e+00
1.285000000000000142e+00 0.000000000000000000e+00
1.295000000000000151e+00 0.000000000000000000e+00
1.305000000000000160e+00 0.000000000000000000e+00
1.315000000000000169e+00 0.000000000000000000e+00
1.325000000000000178e+00 0.000000000000000000e+00
1.335000000000000187e+00 0.000000000000000000e+00
1.345000000000000195e+00 0.000000000000000000e+00
1.355000000000000204e+00 0.000000000000000000e+00
1.365000000000000213e+00 0.000000000000000000e+00
1.375000000000000222e+00 0.000000000000000000e+00
1.385000000000000231e+00 0.000000000000000000e+00
1.395000000000000240e+00 0.000000000000000000e+00
1.405000000000000027e+00 0.000000000000000000e+00
1.415000000000000036e+00 0.000000000000000000e+00
1.425000000000000044e+00 0.000000000000000000e+00
1.435000000000000053e+00 0.000000000000000000e+00
1.445000000000000062e+00 0.000000000000000000e+00
1.455000000000000071e+00 0.000000000000000000e+00
1.465000000000000080e+00 0.000000000000000000e+00
1.475000000000000089e+00 0.000000000000000000e+00
1.485000000000000098e+00 0.000000000000000000e+00
1.495000000000000107e+00 0.000000000000000000e+00
1.505000000000000115e+00 0.000000000000000000e+00
1.515000000000000124e+00 6.126088279869114004e-16
1.525000000000000133e+00 1.225217655973822604e-15
1.535000000000000142e+00 1.837826483960733708e-15
1.545000000000000151e+00 2.450435311947644813e-15
1.555000000000000160e+00 3.063044139934555917e-15
1.565000000000000169e+00 4.288261795908377732e-15
1.575000000000000178e+00 5.513479451882199941e-15
1.585000000000000187e+00 7.351305935842934832e-15
1.595000000000000195e+00 9.801741247790580828e-15
1.605000000000000204e+00 1.286478538772513635e-14
1.615000000000000213e+00 1.592782952765969503e-14
1.625000000000000222e+00 2.021609132356807276e-14
1.635000000000000231e+00 2.572957077545026955e-14
1.645000000000000240e+00 3.246826788330629485e-14
1.655000000000000249e+00 4.043218264713613921e-14
1.665000000000000036e+00 4.900870623895289468e-14
1.675000000000000044e+00 5.942305631473037714e-14
1.685000000000000053e+00 7.106262404648170075e-14
1.695000000000000062e+00 8.392740943420682132e-14
1.705000000000000071e+00 9.863002130589270046e-14
1.715000000000000080e+00 1.157830684895261988e-13
1.725000000000000089e+00 1.347739421571204682e-13
1.735000000000000098e+00 1.556026423086754458e-13
1.745000000000000107e+00 1.782691689441911314e-13
1.755000000000000115e+00 2.033861308916545120e-13
1.765000000000000124e+00 2.315661369790523975e-13
1.775000000000000133e+00 2.634217960343718254e-13
1.785000000000000142e+00 3.001783257135864412e-13
1.795000000000000151e+00 3.436735525006571801e-13
1.805000000000000160e+00 3.926822587396101190e-13
1.815000000000000169e+00 4.459792267744713346e-13
1.825000000000000178e+00 5.029518477772540673e-13
1.835000000000000187e+00 5.654379482319191010e-13
1.845000000000000195e+00 6.328249193104792215e-13
1.855000000000000204e+00 7.032749345289740490e-13
1.865000000000000213e+00 7.749501674034425978e-13
1.875000000000000222e+00 8.460127914499243869e-13
1.885000000000000231e+00 9.146249801844583296e-13
1.895000000000000240e+00 9.771110806391233632e-13
1.905000000000000249e+00 1.032858483985932223e-12
1.915000000000000036e+00 1.080641972568911390e-12
1.925000000000000044e+00 1.121074155216047826e-12
1.935000000000000053e+00 1.149866770131432396e-12
1.945000000000000062e+00 1.165794599659091983e-12
1.955000000000000071e+00 1.165794599659091983e-12
1.965000000000000080e+00 1.150479378959419559e-12
1.975000000000000089e+00 1.122299372872021749e-12
1.985000000000000098e+00 1.083092407880859035e-12
1.995000000000000107e+00 1.048173704685605051e-12
2.005000000000000338e+00 1.001615433758600009e-12
2.015000000000000124e+00 9.538319451756208422e-13
2.025000000000000355e+00 8.980845418288119822e-13
2.035000000000000142e+00 8.380488766860946940e-13
2.044999999999999929e+00 7.798510380273380885e-13
2.055000000000000160e+00 7.290045053044243154e-13
2.064999999999999947e+00 6.867344961733276006e-13
2.075000000000000178e+00 6.536536194620344010e-13
2.084999999999999964e+00 6.224105692347018842e-13
2.095000000000000195e+00 5.856540395554872179e-13
2.104999999999999982e+00 5.562488158121152829e-13
2.115000000000000213e+00 5.280688097247175741e-13
2.125000000000000000e+00 5.090779360571232793e-13
2.135000000000000231e+00 4.974383683253718169e-13
2.145000000000000018e+00 4.894744535615420230e-13
2.155000000000000249e+00 4.833483652816729120e-13
2.165000000000000036e+00 4.796727123137514454e-13
2.175000000000000266e+00 4.759970593458299787e-13
2.185000000000000053e+00 4.784474946577776231e-13
2.195000000000000284e+00 4.796727123137514454e-13
2.205000000000000071e+00 4.815105387977122292e-13
2.215000000000000302e+00 4.827357564536859504e-13
2.225000000000000089e+00 4.827357564536859504e-13
2.235000000000000320e+00 4.808979299697252676e-13
2.245000000000000107e+00 4.759970593458299787e-13
2.255000000000000338e+00 4.680331445820000839e-13
2.265000000000000124e+00 4.557809680222618618e-13
2.275000000000000355e+00 4.392405296666153125e-13
2.285000000000000142e+00 4.177992206870735248e-13
2.295000000000000373e+00 3.932948675675970806e-13
2.305000000000000160e+00 3.663400791361729415e-13
2.314999999999999947e+00 3.381600730487749802e-13
2.325000000000000178e+00 3.087548493054032977e-13
2.334999999999999964e+00 2.793496255620314637e-13
2.345000000000000195e+00 2.511696194746336034e-13
2.354999999999999982e+00 2.248274398711964511e-13
2.365000000000000213e+00 2.009356955797069180e-13
2.375000000000000000e+00 1.801069954281519405e-13
2.385000000000000231e+00 1.629539482445183791e-13
2.395000000000000018e+00 1.488639452008194237e-13
2.405000000000000249e+00 1.384495951250419096e-13
2.415000000000000036e+00 1.304856803612120905e-13
2.425000000000000266e+00 1.249722009093298653e-13
2.435000000000000053e+00 1.225217655973822209e-13
2.445000000000000284e+00 1.231343744253691320e-13
2.455000000000000071e+00 1.268100273932905986e-13
2.465000000000000302e+00 1.329361156731597349e-13
2.475000000000000089e+00 1.409000304369895540e-13
2.485000000000000320e+00 1.500891628567932459e-13
2.495000000000000107e+00 1.605035129325707094e-13
2.505000000000000338e+00 1.690800365243874901e-13
2.515000000000000124e+00 1.782691689441911567e-13
2.525000000000000355e+00 1.862330837080209758e-13
2.535000000000000142e+00 1.911339543319162646e-13
2.545000000000000373e+00 1.911339543319162646e-13
2.555000000000000160e+00 1.868456925360079121e-13
2.564999999999999947e+00 1.794943866001649789e-13
2.575000000000000178e+00 1.690800365243874901e-13
2.584999999999999964e+00 1.568278599646492680e-13
2.595000000000000195e+00 1.427378569209503126e-13
2.604999999999999982e+00 1.292604627052382431e-13
2.615000000000000213e+00 1.145578508335524018e-13
2.625000000000000000e+00 9.985523896186653529e-14
2.635000000000000231e+00 8.637784474615447836e-14
2.645000000000000018e+00 7.473827701440315476e-14
2.655000000000000249e+00 6.493653576661258970e-14
2.665000000000000036e+00 5.574740334680892314e-14
2.675000000000000266e+00 4.717087975499216136e-14
2.685000000000000053e+00 3.920696499116231700e-14
2.695000000000000284e+00 3.124305022733247264e-14
2.705000000000000071e+00 2.572957077545026955e-14
2.715000000000000302e+00 2.082870015155498071e-14
2.725000000000000089e+00 1.592782952765969503e-14
2.735000000000000320e+00 1.163956773175131414e-14
2.745000000000000107e+00 8.576523591816757042e-15
2.755000000000000338e+00 6.126088279869113412e-15
2.765000000000000124e+00 4.288261795908378521e-15
2.775000000000000355e+00 3.063044139934556312e-15
2.785000000000000142e+00 1.837826483960733708e-15
2.795000000000000373e+00 1.225217655973822604e-15
2.805000000000000160e+00 6.126088279869114004e-16
2.814999999999999947e+00 0.000000000000000000e+00
2.825000000000000178e+00 0.000000000000000000e+00
2.834999999999999964e+00 0.000000000000000000e+00
2.845000000000000195e+00 0.000000000000000000e+00
2.854999999999999982e+00 0.000000000000000000e+00
2.865000000000000213e+00 0.000000000000000000e+00
2.875000000000000000e+00 0.000000000000000000e+00
2.885000000000000231e+00 0.000000000000000000e+00
2.895000000000000018e+00 0.000000000000000000e+00
2.905000000000000249e+00 0.000000000000000000e+00
2.915000000000000036e+00 0.000000000000000000e+00
2.925000000000000266e+00 0.000000000000000000e+00
2.935000000000000053e+00 0.000000000000000000e+00
2.945000000000000284e+00 0.000000000000000000e+00
2.955000000000000071e+00 0.000000000000000000e+00
2.965000000000000302e+00 0.000000000000000000e+00
2.975000000000000089e+00 0.000000000000000000e+00
2.985000000000000320e+00 0.000000000000000000e+00
2.995000000000000107e+00 0.000000000000000000e+00
3.005000000000000338e+00 0.000000000000000000e+00
3.015000000000000124e+00 0.000000000000000000e+00
3.025000000000000355e+00 0.000000000000000000e+00
3.035000000000000142e+00 0.000000000000000000e+00
3.045000000000000373e+00 0.000000000000000000e+00
3.055000000000000160e+00 0.000000000000000000e+00
3.065000000000000391e+00 0.000000000000000000e+00
3.075000000000000178e+00 0.000000000000000000e+00
3.084999999999999964e+00 0.000000000000000000e+00
3.095000000000000195e+00 0.000000000000000000e+00
3.104999999999999982e+00 0.000000000000000000e+00
3.115000000000000213e+00 0.000000000000000000e+00
3.125000000000000000e+00 0.000000000000000000e+00
3.135000000000000231e+00 0.000000000000000000e+00
3.145000000000000018e+00 0.000000000000000000e+00
3.155000000000000249e+00 0.000000000000000000e+00
3.165000000000000036e+00 0.000000000000000000e+00
3.175000000000000266e+00 0.000000000000000000e+00
3.185000000000000053e+00 0.000000000000000000e+00
3.195000000000000284e+00 0.000000000000000000e+00
3.205000000000000071e+00 0.000000000000000000e+00
3.215000000000000302e+00 0.000000000000000000e+00
3.225000000000000089e+00 0.000000000000000000e+00
3.235000000000000320e+00 0.000000000000000000e+00
3.245000000000000107e+00 0.000000000000000000e+00
3.255000000000000338e+00 0.000000000000000000e+00
3.265000000000000124e+00 0.000000000000000000e+00
3.275000000000000355e+00 0.000000000000000000e+00
3.285000000000000142e+00 0.000000000000000000e+00
3.295000000000000373e+00 0.000000000000000000e+00
3.305000000000000160e+00 0.000000000000000000e+00
3.315000000000000391e+00 0.000000000000000000e+00
3.325000000000000178e+00 0.000000000000000000e+00
3.334999999999999964e+00 0.000000000000000000e+00
3.345000000000000195e+00 0.000000000000000000e+00
3.354999999999999982e+00 0.000000000000000000e+00
3.365000000000000213e+00 0.000000000000000000e+00
3.375000000000000000e+00 0.000000000000000000e+00
3.385000000000000231e+00 0.000000000000000000e+00
3.395000000000000018e+00 0.000000000000000000e+00
3.405000000000000249e+00 0.000000000000000000e+00
3.415000000000000036e+00 0.000000000000000000e+00
3.425000000000000266e+00 0.000000000000000000e+00
3.435000000000000053e+00 0.000000000000000000e+00
3.445000000000000284e+00 0.000000000000000000e+00
3.455000000000000071e+00 0.000000000000000000e+00
3.465000000000000302e+00 0.000000000000000000e+00
3.475000000000000089e+00 0.000000000000000000e+00
3.485000000000000320e+00 0.000000000000000000e+00
3.495000000000000107e+00 0.000000000000000000e+00
3.505000000000000338e+00 0.000000000000000000e+00
3.515000000000000124e+00 0.000000000000000000e+00
3.525000000000000355e+00 0.000000000000000000e+00
3.535000000000000142e+00 0.000000000000000000e+00
3.545000000000000373e+00 0.000000000000000000e+00
3.555000000000000160e+00 0.000000000000000000e+00
3.565000000000000391e+00 0.000000000000000000e+00
3.575000000000000178e+00 0.000000000000000000e+00
3.584999999999999964e+00 0.000000000000000000e+00
3.595000000000000195e+00 0.000000000000000000e+00
3.604999999999999982e+00 0.000000000000000000e+00
3.615000000000000213e+00 0.000000000000000000e+00
3.625000000000000000e+00 0.000000000000000000e+00
3.635000000000000231e+00 0.000000000000000000e+00
3.645000000000000018e+00 0.000000000000000000e+00
3.655000000000000249e+00 0.000000000000000000e+00
3.665000000000000036e+00 0.000000000000000000e+00
3.675000000000000266e+00 0.000000000000000000e+00
3.685000000000000053e+00 0.000000000000000000e+00
3.695000000000000284e+00 0.000000000000000000e+00
3.705000000000000071e+00 0.000000000000000000e+00
3.715000000000000302e+00 0.000000000000000000e+00
3.725000000000000089e+00 0.000000000000000000e+00
3.735000000000000320e+00 0.000000000000000000e+00
3.745000000000000107e+00 0.000000000000000000e+00
3.755000000000000338e+00 0.000000000000000000e+00
3.765000000000000124e+00 0.000000000000000000e+00
3.775000000000000355e+00 0.000000000000000000e+00
3.785000000000000142e+00 0.000000000000000000e+00
3.795000000000000373e+00 0.000000000000000000e+00
3.805000000000000160e+00 0.000000000000000000e+00
3.815000000000000391e+00 0.000000000000000000e+00
3.825000000000000178e+00 0.000000000000000000e+00
3.834999999999999964e+00 0.000000000000000000e+00
3.845000000000000195e+00 0.000000000000000000e+00
3.854999999999999982e+00 0.000000000000000000e+00
3.865000000000000213e+00 0.000000000000000000e+00
3.875000000000000000e+00 0.000000000000000000e+00
3.885000000000000231e+00 0.000000000000000000e+00
3.895000000000000018e+00 0.000000000000000000e+00
3.905000000000000249e+00 0.000000000000000000e+00
3.915000000000000036e+00 0.000000000000000000e+00
3.925000000000000266e+00 0.000000000000000000e+00
3.935000000000000053e+00 0.000000000000000000e+00
3.945000000000000284e+00 0.000000000000000000e+00
3.955000000000000071e+00 0.000000000000000000e+00
3.965000000000000302e+00 0.000000000000000000e+00
3.975000000000000089e+00 0.000000000000000000e+00
3.985000000000000320e+00 0.000000000000000000e+00
3.995000000000000107e+00 0.000000000000000000e+00
4.004999999999999893e+00 0.000000000000000000e+00
4.015000000000000568e+00 0.000000000000000000e+00
4.025000000000000355e+00 0.000000000000000000e+00
4.035000000000000142e+00 0.000000000000000000e+00
4.044999999999999929e+00 0.000000000000000000e+00
4.055000000000000604e+00 0.000000000000000000e+00
4.065000000000000391e+00 0.000000000000000000e+00
4.075000000000000178e+00 0.000000000000000000e+00
4.084999999999999964e+00 0.000000000000000000e+00
4.094999999999999751e+00 0.000000000000000000e+00
4.105000000000000426e+00 0.000000000000000000e+00
4.115000000000000213e+00 0.000000000000000000e+00
4.125000000000000000e+00 0.000000000000000000e+00
4.134999999999999787e+00 0.000000000000000000e+00
4.145000000000000462e+00 0.000000000000000000e+00
4.155000000000000249e+00 0.000000000000000000e+00
4.165000000000000036e+00 0.000000000000000000e+00
4.174999999999999822e+00 0.000000000000000000e+00
4.185000000000000497e+00 0.000000000000000000e+00
4.195000000000000284e+00 0.000000000000000000e+00
4.205000000000000071e+00 0.000000000000000000e+00
4.214999999999999858e+00 0.000000000000000000e+00
4.225000000000000533e+00 0.000000000000000000e+00
4.235000000000000320e+00 0.000000000000000000e+00
4.245000000000000107e+00 0.000000000000000000e+00
4.254999999999999893e+00 0.000000000000000000e+00
4.265000000000000568e+00 0.000000000000000000e+00
4.275000000000000355e+00 0.000000000000000000e+00
4.285000000000000142e+00 0.000000000000000000e+00
4.294999999999999929e+00 0.000000000000000000e+00
4.305000000000000604e+00 0.000000000000000000e+00
4.315000000000000391e+00 0.000000000000000000e+00
4.325000000000000178e+00 0.000000000000000000e+00
4.334999999999999964e+00 0.000000000000000000e+00
4.345000000000000639e+00 0.000000000000000000e+00
4.355000000000000426e+00 0.000000000000000000e+00
4.365000000000000213e+00 0.000000000000000000e+00
4.375000000000000000e+00 0.000000000000000000e+00
4.384999999999999787e+00 0.000000000000000000e+00
4.395000000000000462e+00 0.000000000000000000e+00
4.405000000000000249e+00 0.000000000000000000e+00
4.415000000000000036e+00 0.000000000000000000e+00
4.424999999999999822e+00 0.000000000000000000e+00
4.435000000000000497e+00 0.000000000000000000e+00
4.445000000000000284e+00 0.000000000000000000e+00
4.455000000000000071e+00 0.000000000000000000e+00
4.464999999999999858e+00 0.000000000000000000e+00
4.475000000000000533e+00 0.000000000000000000e+00
4.485000000000000320e+00 0.000000000000000000e+00
4.495000000000000107e+00 0.000000000000000000e+00
4.504999999999999893e+00 0.000000000000000000e+00
4.515000000000000568e+00 0.000000000000000000e+00
4.525000000000000355e+00 0.000000000000000000e+00
4.535000000000000142e+00 0.000000000000000000e+00
4.544999999999999929e+00 0.000000000000000000e+00
4.555000000000000604e+00 0.000000000000000000e+00
4.565000000000000391e+00 0.000000000000000000e+00
4.575000000000000178e+00 0.000000000000000000e+00
4.584999999999999964e+00 0.000000000000000000e+00
4.595000000000000639e+00 0.000000000000000000e+00
4.605000000000000426e+00 0.000000000000000000e+00
4.615000000000000213e+00 0.000000000000000000e+00
4.625000000000000000e+00 0.000000000000000000e+00
4.634999999999999787e+00 0.000000000000000000e+00
4.645000000000000462e+00 0.000000000000000000e+00
4.655000000000000249e+00 0.000000000000000000e+00
4.665000000000000036e+00 0.000000000000000000e+00
4.674999999999999822e+00 0.000000000000000000e+00
4.685000000000000497e+00 0.000000000000000000e+00
4.695000000000000284e+00 0.000000000000000000e+00
4.705000000000000071e+00 0.000000000000000000e+00
4.714999999999999858e+00 0.000000000000000000e+00
4.725000000000000533e+00 0.000000000000000000e+00
4.735000000000000320e+00 0.000000000000000000e+00
4.745000000000000107e+00 0.000000000000000000e+00
4.754999999999999893e+00 0.000000000000000000e+00
4.765000000000000568e+00 0.000000000000000000e+00
4.775000000000000355e+00 0.000000000000000000e+00
4.785000000000000142e+00 0.000000000000000000e+00
4.794999999999999929e+00 0.000000000000000000e+00
4.805000000000000604e+00 0.000000000000000000e+00
4.815000000000000391e+00 0.000000000000000000e+00
4.825000000000000178e+00 0.000000000000000000e+00
4.834999999999999964e+00 0.000000000000000000e+00
4.845000000000000639e+00 0.000000000000000000e+00
4.855000000000000426e+00 0.000000000000000000e+00
4.865000000000000213e+00 0.000000000000000000e+00
4.875000000000000000e+00 0.000000000000000000e+00
4.884999999999999787e+00 0.000000000000000000e+00
4.895000000000000462e+00 0.000000000000000000e+00
4.905000000000000249e+00 0.000000000000000000e+00
4.915000000000000036e+00 0.000000000000000000e+00
4.924999999999999822e+00 0.000000000000000000e+00
4.935000000000000497e+00 0.000000000000000000e+00
4.945000000000000284e+00 0.000000000000000000e+00
4.955000000000000071e+00 0.000000000000000000e+00
4.964999999999999858e+00 0.000000000000000000e+00
4.975000000000000533e+00 0.000000000000000000e+00
4.985000000000000320e+00 0.000000000000000000e+00
4.995000000000000107e+00 0.000000000000000000e+00
5.004999999999999893e+00 0.000000000000000000e+00
5.015000000000000568e+00 0.000000000000000000e+00
5.025000000000000355e+00 0.000000000000000000e+00
5.035000000000000142e+00 0.000000000000000000e+00
5.044999999999999929e+00 0.000000000000000000e+00
5.055000000000000604e+00 0.000000000000000000e+00
5.065000000000000391e+00 0.000000000000000000e+00
5.075000000000000178e+00 0.000000000000000000e+00
5.084999999999999964e+00 0.000000000000000000e+00
5.095000000000000639e+00 0.000000000000000000e+00
5.105000000000000426e+00 0.000000000000000000e+00
5.115000000000000213e+00 0.000000000000000000e+00
5.125000000000000000e+00 0.000000000000000000e+00
5.134999999999999787e+00 0.000000000000000000e+00
5.145000000000000462e+00 0.000000000000000000e+00
5.155000000000000249e+00 0.000000000000000000e+00
5.165000000000000036e+00 0.000000000000000000e+00
5.174999999999999822e+00 0.000000000000000000e+00
5.185000000000000497e+00 0.000000000000000000e+00
5.195000000000000284e+00 0.000000000000000000e+00
5.205000000000000071e+00 0.000000000000000000e+00
5.214999999999999858e+00 0.000000000000000000e+00
5.225000000000000533e+00 0.000000000000000000e+00
5.235000000000000320e+00 0.000000000000000000e+00
5.245000000000000107e+00 0.000000000000000000e+00
5.254999999999999893e+00 0.000000000000000000e+00
5.265000000000000568e+00 0.000000000000000000e+00
5.275000000000000355e+00 0.000000000000000000e+00
5.285000000000000142e+00 0.000000000000000000e+00
5.294999999999999929e+00 0.000000000000000000e+00
5.305000000000000604e+00 0.000000000000000000e+00
5.315000000000000391e+00 0.000000000000000000e+00
5.325000000000000178e+00 0.000000000000000000e+00
5.334999999999999964e+00 0.000000000000000000e+00
5.345000000000000639e+00 0.000000000000000000e+00
5.355000000000000426e+00 0.000000000000000000e+00
5.365000000000000213e+00 0.000000000000000000e+00
5.375000000000000000e+00 0.000000000000000000e+00
5.384999999999999787e+00 0.000000000000000000e+00
5.395000000000000462e+00 0.000000000000000000e+00
5.405000000000000249e+00 0.000000000000000000e+00
5.415000000000000036e+00 0.000000000000000000e+00
5.424999999999999822e+00 0.000000000000000000e+00
5.435000000000000497e+00 0.000000000000000000e+00
5.445000000000000284e+00 0.000000000000000000e+00
5.455000000000000071e+00 0.000000000000000000e+00
5.464999999999999858e+00 0.000000000000000000e+00
5.475000000000000533e+00 0.000000000000000000e+00
5.485000000000000320e+00 0.000000000000000000e+00
5.495000000000000107e+00 0.000000000000000000e+00
5.504999999999999893e+00 0.000000000000000000e+00
5.515000000000000568e+00 0.000000000000000000e+00
5.525000000000000355e+00 0.000000000000000000e+00
5.535000000000000142e+00 0.000000000000000000e+00
5.544999999999999929e+00 0.000000000000000000e+00
5.555000000000000604e+00 0.000000000000000000e+00
5.565000000000000391e+00 0.000000000000000000e+00
5.575000000000000178e+00 0.000000000000000000e+00
5.584999999999999964e+00 0.000000000000000000e+00
5.595000000000000639e+00 0.000000000000000000e+00
5.605000000000000426e+00 0.000000000000000000e+00
5.615000000000000213e+00 0.000000000000000000e+00
5.625000000000000000e+00 0.000000000000000000e+00
5.634999999999999787e+00 0.000000000000000000e+00
5.645000000000000462e+00 0.000000000000000000e+00
5.655000000000000249e+00 0.000000000000000000e+00
5.665000000000000036e+00 0.000000000000000000e+00
5.674999999999999822e+00 0.000000000000000000e+00
5.685000000000000497e+00 0.000000000000000000e+00
5.695000000000000284e+00 0.000000000000000000e+00
5.705000000000000071e+00 0.000000000000000000e+00
5.714999999999999858e+00 0.000000000000000000e+00
5.725000000000000533e+00 0.000000000000000000e+00
5.735000000000000320e+00 0.000000000000000000e+00
5.745000000000000107e+00 0.000000000000000000e+00
5.754999999999999893e+00 0.000000000000000000e+00
5.765000000000000568e+00 0.000000000000000000e+00
5.775000000000000355e+00 0.000000000000000000e+00
5.785000000000000142e+00 0.000000000000000000e+00
5.794999999999999929e+00 0.000000000000000000e+00
5.805000000000000604e+00 0.000000000000000000e+00
5.815000000000000391e+00 0.000000000000000000e+00
5.825000000000000178e+00 0.000000000000000000e+00
5.834999999999999964e+00 0.000000000000000000e+00
5.845000000000000639e+00 0.000000000000000000e+00
5.855000000000000426e+00 0.000000000000000000e+00
5.865000000000000213e+00 0.000000000000000000e+00
5.875000000000000000e+00 0.000000000000000000e+00
5.884999999999999787e+00 0.000000000000000000e+00
5.895000000000000462e+00 0.000000000000000000e+00
5.905000000000000249e+00 0.000000000000000000e+00
5.915000000000000036e+00 0.000000000000000000e+00
5.924999999999999822e+00 0.000000000000000000e+00
5.935000000000000497e+00 0.000000000000000000e+00
5.945000000000000284e+00 0.000000000000000000e+00
5.955000000000000071e+00 0.000000000000000000e+00
5.964999999999999858e+00 0.000000000000000000e+00
5.975000000000000533e+00 0.000000000000000000e+00
5.985000000000000320e+00 0.000000000000000000e+00
5.995000000000000107e+00 0.000000000000000000e+00
