-5.000000000000000104e-03 1.736523904977161368e-03
5.000000000000000104e-03 1.525250112975617706e-03
1.499999999999999944e-02 1.313976320974074045e-03
2.499999999999999792e-02 1.102702528972530384e-03
3.500000000000000333e-02 8.914287369709867227e-04
4.500000000000000527e-02 1.397405077862041035e-03
5.500000000000000028e-02 2.942409048782159298e-03
6.500000000000000222e-02 2.983074301319675430e-03
7.499999999999999722e-02 3.067685880915127852e-03
8.499999999999999223e-02 3.188009392683114219e-03
9.500000000000000111e-02 3.187331562243904490e-03
1.049999999999999961e-01 3.221668689201955937e-03
1.149999999999999911e-01 3.269508839412169510e-03
1.250000000000000000e-01 3.142863872790778966e-03
1.350000000000000089e-01 3.131393461466587709e-03
1.449999999999999900e-01 2.520393969241617200e-03
1.549999999999999989e-01 3.359524073039626231e-04
1.650000000000000078e-01 2.936347689042088861e-04
1.749999999999999889e-01 5.413981684665757684e-04
1.849999999999999978e-01 4.226507810416571856e-04
1.950000000000000067e-01 4.734300065271244886e-04
2.049999999999999878e-01 4.375099284132821678e-04
2.149999999999999967e-01 3.885511615639202832e-04
2.250000000000000056e-01 3.876745482244087562e-04
2.349999999999999867e-01 3.875790264970067206e-04
2.449999999999999956e-01 3.870094681760886165e-04
2.550000000000000044e-01 3.860540002534492668e-04
2.650000000000000133e-01 3.863793516629969622e-04
2.750000000000000222e-01 5.525254826795437810e-05
2.849999999999999756e-01 5.854296433778066598e-05
2.949999999999999845e-01 1.078417921605175203e-05
3.049999999999999933e-01 1.660946506076200170e-05
3.150000000000000022e-01 2.671445503542670580e-05
3.250000000000000111e-01 2.760256948486719620e-05
3.350000000000000200e-01 2.768854462567454198e-05
3.450000000000000289e-01 2.769667286278417072e-05
3.549999999999999822e-01 2.766494400124764604e-05
3.649999999999999911e-01 2.698198687781357420e-05
3.750000000000000000e-01 3.521938904506186161e-05
3.850000000000000089e-01 8.129084728601885493e-05
3.950000000000000178e-01 3.490807970555832493e-04
4.050000000000000266e-01 6.397286205079931844e-04
4.149999999999999800e-01 7.574040785686545537e-04
4.249999999999999889e-01 8.146812992372716141e-04
4.349999999999999978e-01 8.205507272134222613e-04
4.450000000000000067e-01 8.228787733087165185e-04
4.550000000000000155e-01 8.243217042784568805e-04
4.650000000000000244e-01 8.264825413092045112e-04
4.749999999999999778e-01 8.208127046221594218e-04
4.849999999999999867e-01 7.741678968103563128e-04
4.949999999999999956e-01 5.052715224675628737e-04
5.050000000000000044e-01 2.099991856237649684e-04
5.150000000000000133e-01 8.270657232890745586e-05
5.250000000000000222e-01 2.486346503918916953e-05
5.350000000000000311e-01 2.177563617882396325e-05
5.450000000000000400e-01 3.116446973605995369e-05
5.550000000000000488e-01 5.055310455153892366e-05
5.650000000000000577e-01 1.301768265233186131e-04
5.749999999999999556e-01 2.292594339980269101e-04
5.849999999999999645e-01 2.383583557244630259e-04
5.949999999999999734e-01 3.333857589791238058e-04
6.049999999999999822e-01 1.147398898189583684e-03
6.149999999999999911e-01 1.269080451250334963e-03
6.250000000000000000e-01 1.312309249578816599e-03
6.350000000000000089e-01 1.517007525438892820e-03
6.450000000000000178e-01 1.881095808649473934e-03
6.550000000000000266e-01 2.122927303321422380e-03
6.650000000000000355e-01 2.153559250192841907e-03
6.750000000000000444e-01 2.189174120807103798e-03
6.850000000000000533e-01 2.368929735812819182e-03
6.950000000000000622e-01 2.495675867941531297e-03
7.049999999999999600e-01 1.846764803165755562e-03
7.149999999999999689e-01 2.000750597526063275e-03
7.249999999999999778e-01 4.663948816863999411e-03
7.349999999999999867e-01 6.399446749882498585e-03
7.449999999999999956e-01 7.962555946887169001e-03
7.550000000000000044e-01 1.189084527734218452e-02
7.650000000000000133e-01 1.881344321353650359e-02
7.750000000000000222e-01 2.813095681138143289e-02
7.850000000000000311e-01 3.906845186979390760e-02
7.950000000000000400e-01 5.701810049678757847e-02
8.050000000000000488e-01 7.710982422693132832e-02
8.150000000000000577e-01 1.037336290768839653e-01
8.250000000000000666e-01 1.125937538290235906e-01
8.349999999999999645e-01 1.393580482412555555e-01
8.449999999999999734e-01 1.626496701797443822e-01
8.549999999999999822e-01 1.654900729486286637e-01
8.649999999999999911e-01 1.839691014158613969e-01
8.750000000000000000e-01 2.473707533326792440e-01
8.850000000000000089e-01 2.901305236621948280e-01
8.950000000000000178e-01 3.388652714834459179e-01
9.050000000000000266e-01 3.879714837167966279e-01
9.150000000000000355e-01 4.271909547294361342e-01
9.250000000000000444e-01 4.836362694745196533e-01
9.350000000000000533e-01 5.372661750603250352e-01
9.450000000000000622e-01 5.753997796240505336e-01
9.549999999999999600e-01 6.203180176018407987e-01
9.649999999999999689e-01 6.318066605792606039e-01
9.749999999999999778e-01 5.871975620624215741e-01
9.849999999999999867e-01 5.713558745897798774e-01
9.949999999999999956e-01 5.223638218949437917e-01
1.005000000000000115e+00 4.612491872255292669e-01
1.015000000000000124e+00 4.095486391111768931e-01
1.025000000000000133e+00 3.549951797982798807e-01
1.035000000000000142e+00 2.831731767789084642e-01
1.045000000000000151e+00 2.285613340708784191e-01
1.055000000000000160e+00 1.815773845716048274e-01
1.065000000000000169e+00 1.483831189195194133e-01
1.075000000000000178e+00 1.223822298310902890e-01
1.085000000000000187e+00 8.827907292893187596e-02
1.095000000000000195e+00 7.678347177956376668e-02
1.105000000000000204e+00 8.193619680201091882e-02
1.115000000000000213e+00 7.223953386176569513e-02
1.125000000000000222e+00 5.951714042523655046e-02
1.135000000000000231e+00 4.980157830564078958e-02
1.145000000000000240e+00 4.248509455384813505e-02
1.155000000000000027e+00 4.118391494216708942e-02
1.165000000000000036e+00 3.794808600039012436e-02
1.175000000000000044e+00 3.637600737087732378e-02
1.185000000000000053e+00 3.342804901307049048e-02
1.195000000000000062e+00 2.911946083812332400e-02
1.205000000000000071e+00 1.942069791081200633e-02
1.215000000000000080e+00 1.577491816037219011e-02
1.225000000000000089e+00 1.515423876781572810e-02
1.235000000000000098e+00 1.439256668570580711e-02
1.245000000000000107e+00 1.301236946673927503e-02
1.255000000000000115e+00 9.424733463177055112e-03
1.265000000000000124e+00 8.990211614720975200e-03
1.275000000000000133e+00 8.536704911282813960e-03
1.285000000000000142e+00 9.631529787813340390e-03
1.295000000000000151e+00 7.732576973941144433e-03
1.305000000000000160e+00 4.301494314396173482e-03
1.315000000000000169e+00 3.552535592152189590e-03
1.325000000000000178e+00 3.716306298450844283e-03
1.335000000000000187e+00 4.049979486022367743e-03
1.345000000000000195e+00 4.743812406662287207e-03
1.355000000000000204e+00 5.304773930572942962e-03
1.365000000000000213e+00 5.461180501996430910e-03
1.375000000000000222e+00 5.447250883494521301e-03
1.385000000000000231e+00 3.599536014979095623e-03
1.395000000000000240e+00 3.644813922389411164e-03
1.405000000000000027e+00 3.556019012703837221e-03
1.415000000000000036e+00 3.299510437868636171e-03
1.425000000000000044e+00 3.060946452085001098e-03
1.435000000000000053e+00 2.727125858520278688e-03
1.445000000000000062e+00 2.000088077707985572e-03
1.455000000000000071e+00 1.371684939484120892e-03
1.465000000000000080e+00 1.082610807067384186e-03
1.475000000000000089e+00 8.786552540984267573e-04
1.485000000000000098e+00 6.374076313840501768e-04
1.495000000000000107e+00 3.818439115942698879e-04
1.505000000000000115e+00 2.020015569919578387e-04
1.515000000000000124e+00 1.371886038428289309e-04
1.525000000000000133e+00 1.052632651128228742e-04
1.535000000000000142e+00 7.673803618595467367e-05
1.545000000000000151e+00 6.120442913153776470e-05
1.555000000000000160e+00 5.549948305334305145e-05
1.565000000000000169e+00 5.292288070765311308e-05
1.575000000000000178e+00 5.171609759000374322e-05
1.585000000000000187e+00 5.025857576998551425e-05
1.595000000000000195e+00 4.789393411847921324e-05
1.605000000000000204e+00 4.420520951676336227e-05
1.615000000000000213e+00 3.807470744624159750e-05
1.625000000000000222e+00 2.914395262674443425e-05
1.635000000000000231e+00 1.976599220704810845e-05
1.645000000000000240e+00 1.283906826949302698e-05
1.655000000000000249e+00 9.120247935924126787e-06
1.665000000000000036e+00 6.756750701951580574e-06
1.675000000000000044e+00 8.202469080494543884e-06
1.685000000000000053e+00 2.648726278543284110e-05
1.695000000000000062e+00 2.687188384376021133e-05
1.705000000000000071e+00 2.983290439300031723e-05
1.715000000000000080e+00 3.340014943566059469e-05
1.725000000000000089e+00 3.661494318520622557e-05
1.735000000000000098e+00 3.942902002163490145e-05
1.745000000000000107e+00 4.228983352878367492e-05
1.755000000000000115e+00 4.545520553940349479e-05
1.765000000000000124e+00 4.800345131957947442e-05
1.775000000000000133e+00 4.545655157696999076e-05
1.785000000000000142e+00 2.585631604462413057e-05
1.795000000000000151e+00 2.507586771347510078e-05
1.805000000000000160e+00 2.202492769371790384e-05
1.815000000000000169e+00 1.844234425377101505e-05
1.825000000000000178e+00 1.522495337089668683e-05
1.835000000000000187e+00 1.240928797827593130e-05
1.845000000000000195e+00 9.547704403184717624e-06
1.855000000000000204e+00 6.374371724741066409e-06
1.865000000000000213e+00 3.283010847831462169e-06
1.875000000000000222e+00 1.212556114869597573e-06
1.885000000000000231e+00 3.754754145430708977e-07
1.895000000000000240e+00 1.373355910162628788e-07
1.905000000000000249e+00 1.933980518319169780e-07
1.915000000000000036e+00 5.166126070940269559e-07
1.925000000000000044e+00 1.402909337566716748e-06
1.935000000000000053e+00 3.443035768888760807e-06
1.945000000000000062e+00 7.156652317399013668e-06
1.955000000000000071e+00 1.297774040671730021e-05
1.965000000000000080e+00 1.967946400333949692e-05
1.975000000000000089e+00 2.397997658614879016e-05
1.985000000000000098e+00 2.575203549407191849e-05
1.995000000000000107e+00 2.780810139094163461e-05
2.005000000000000338e+00 2.993642298322316041e-05
2.015000000000000124e+00 3.336012514967175282e-05
2.025000000000000355e+00 3.584411551126846248e-05
2.035000000000000142e+00 3.560479018615392261e-05
2.044999999999999929e+00 3.323583986579791647e-05
2.055000000000000160e+00 2.846390444400129251e-05
2.064999999999999947e+00 2.271158121915217975e-05
2.075000000000000178e+00 1.993372645575736284e-05
2.084999999999999964e+00 1.867139108136111705e-05
2.095000000000000195e+00 1.694883514592141022e-05
2.104999999999999982e+00 1.484425700590303718e-05
2.115000000000000213e+00 1.115021601914728735e-05
2.125000000000000000e+00 7.838077946970885905e-06
2.135000000000000231e+00 6.094057390013973964e-06
2.145000000000000018e+00 4.801234405543806221e-06
2.155000000000000249e+00 3.793576389547047537e-06
2.165000000000000036e+00 2.873178542664176065e-06
2.175000000000000266e+00 1.366407380949961893e-06
2.185000000000000053e+00 8.648342747253956162e-07
2.195000000000000284e+00 5.316545678694360913e-07
2.205000000000000071e+00 1.431332951572515873e-06
2.215000000000000302e+00 6.537777222509613207e-06
2.225000000000000089e+00 2.506560370077416997e-05
2.235000000000000320e+00 6.733867884734335370e-05
2.245000000000000107e+00 1.591665377511066923e-04
2.255000000000000338e+00 3.181044303829805991e-04
2.265000000000000124e+00 5.245403492209721160e-04
2.275000000000000355e+00 7.289221705485643236e-04
2.285000000000000142e+00 8.311863741274719839e-04
2.295000000000000373e+00 9.046281251113050910e-04
2.305000000000000160e+00 9.100543759600453067e-04
2.314999999999999947e+00 9.062327687401485572e-04
2.325000000000000178e+00 8.880010981867304722e-04
2.334999999999999964e+00 8.459481477346429993e-04
2.345000000000000195e+00 7.541849123258363794e-04
2.354999999999999982e+00 5.952407748995888585e-04
2.365000000000000213e+00 3.887699570877863205e-04
2.375000000000000000e+00 1.843644422677956406e-04
2.385000000000000231e+00 8.208165868539525145e-05
2.395000000000000018e+00 8.664956860186503784e-06
2.405000000000000249e+00 2.191040071439376799e-06
2.415000000000000036e+00 9.187899868995714224e-07
2.425000000000000266e+00 7.986889774165375659e-07
2.435000000000000053e+00 1.158095530630399677e-06
2.445000000000000284e+00 2.595724351155950531e-06
2.455000000000000071e+00 6.030060974647181636e-06
2.465000000000000302e+00 1.229972261633642967e-05
2.475000000000000089e+00 2.028655294600229808e-05
2.485000000000000320e+00 2.683575379349498253e-05
2.495000000000000107e+00 3.262620575915046322e-05
2.505000000000000338e+00 3.306548120361924476e-05
2.515000000000000124e+00 3.306548098307003923e-05
2.525000000000000355e+00 3.282587586612326590e-05
2.535000000000000142e+00 3.218692922490911561e-05
2.545000000000000373e+00 3.062949707398794223e-05
2.555000000000000160e+00 2.715522555728409307e-05
2.564999999999999947e+00 2.088556327989417443e-05
2.575000000000000178e+00 1.289873240534200943e-05
2.584999999999999964e+00 6.349531077830449646e-06
2.595000000000000195e+00 5.191445303259330867e-07
2.604999999999999982e+00 7.986874854659825989e-08
2.615000000000000213e+00 3.632575264132445330e-13
2.625000000000000000e+00 2.983901109823079732e-13
2.635000000000000231e+00 2.464961786375587758e-13
2.645000000000000018e+00 2.075757293789968399e-13
2.655000000000000249e+00 1.816287632066222665e-13
2.665000000000000036e+00 1.556817970342476678e-13
2.675000000000000266e+00 1.297348308618730439e-13
2.685000000000000053e+00 1.037878646894984200e-13
2.695000000000000284e+00 7.784089851712383390e-14
2.705000000000000071e+00 6.486741543093652194e-14
2.715000000000000302e+00 5.189393234474922260e-14
2.725000000000000089e+00 3.892044925856191695e-14
2.735000000000000320e+00 2.594696617237461761e-14
2.745000000000000107e+00 1.297348308618730881e-14
2.755000000000000338e+00 0.000000000000000000e+00
2.765000000000000124e+00 0.000000000000000000e+00
2.775000000000000355e+00 0.000000000000000000e+00
2.785000000000000142e+00 0.000000000000000000e+00
2.795000000000000373e+00 0.000000000000000000e+00
2.805000000000000160e+00 0.000000000000000000e+00
2.814999999999999947e+00 0.000000000000000000e+00
2.825000000000000178e+00 0.000000000000000000e+00
2.834999999999999964e+00 0.000000000000000000e+00
2.845000000000000195e+00 0.000000000000000000e+00
2.854999999999999982e+00 0.000000000000000000e+00
2.865000000000000213e+00 0.000000000000000000e+00
2.875000000000000000e+00 0.000000000000000000e+00
2.885000000000000231e+00 0.000000000000000000e+00
2.895000000000000018e+00 0.000000000000000000e+00
2.905000000000000249e+00 0.000000000000000000e+00
2.915000000000000036e+00 0.000000000000000000e+00
2.925000000000000266e+00 0.000000000000000000e+00
2.935000000000000053e+00 0.000000000000000000e+00
2.945000000000000284e+00 0.000000000000000000e+00
2.955000000000000071e+00 0.000000000000000000e+00
2.965000000000000302e+00 0.000000000000000000e+00
2.975000000000000089e+00 0.000000000000000000e+00
2.985000000000000320e+00 0.000000000000000000e+00
2.995000000000000107e+00 0.000000000000000000e+00
3.005000000000000338e+00 0.000000000000000000e+00
3.015000000000000124e+00 0.000000000000000000e+00
3.025000000000000355e+00 0.000000000000000000e+00
3.035000000000000142e+00 0.000000000000000000e+00
3.045000000000000373e+00 0.000000000000000000e+00
3.055000000000000160e+00 0.000000000000000000e+00
3.065000000000000391e+00 0.000000000000000000e+00
3.075000000000000178e+00 0.000000000000000000e+00
3.084999999999999964e+00 0.000000000000000000e+00
3.095000000000000195e+00 0.000000000000000000e+00
3.104999999999999982e+00 0.000000000000000000e+00
3.115000000000000213e+00 0.000000000000000000e+00
3.125000000000000000e+00 0.000000000000000000e+00
3.135000000000000231e+00 0.000000000000000000e+00
3.145000000000000018e+00 0.000000000000000000e+00
3.155000000000000249e+00 0.000000000000000000e+00
3.165000000000000036e+00 0.000000000000000000e+00
3.175000000000000266e+00 0.000000000000000000e+00
3.185000000000000053e+00 0.000000000000000000e+00
3.195000000000000284e+00 0.000000000000000000e+00
3.205000000000000071e+00 0.000000000000000000e+00
3.215000000000000302e+00 0.000000000000000000e+00
3.225000000000000089e+00 0.000000000000000000e+00
3.235000000000000320e+00 0.000000000000000000e+00
3.245000000000000107e+00 0.000000000000000000e+00
3.255000000000000338e+00 0.000000000000000000e+00
3.265000000000000124e+00 0.000000000000000000e+00
3.275000000000000355e+00 0.000000000000000000e+00
3.285000000000000142e+00 0.000000000000000000e+00
3.295000000000000373e+00 0.000000000000000000e+00
3.305000000000000160e+00 0.000000000000000000e+00
3.315000000000000391e+00 0.000000000000000000e+00
3.325000000000000178e+00 0.000000000000000000e+00
3.334999999999999964e+00 0.000000000000000000e+00
3.345000000000000195e+00 0.000000000000000000e+00
3.354999999999999982e+00 0.000000000000000000e+00
3.365000000000000213e+00 0.000000000000000000e+00
3.375000000000000000e+00 0.000000000000000000e+00
3.385000000000000231e+00 0.000000000000000000e+00
3.395000000000000018e+00 0.000000000000000000e+00
3.405000000000000249e+00 0.000000000000000000e+00
3.415000000000000036e+00 0.000000000000000000e+00
3.425000000000000266e+00 0.000000000000000000e+00
3.435000000000000053e+00 0.000000000000000000e+00
3.445000000000000284e+00 0.000000000000000000e+00
3.455000000000000071e+00 0.000000000000000000e+00
3.465000000000000302e+00 0.000000000000000000e+00
3.475000000000000089e+00 0.000000000000000000e+00
3.485000000000000320e+00 0.000000000000000000e+00
3.495000000000000107e+00 0.000000000000000000e+00
3.505000000000000338e+00 0.000000000000000000e+00
3.515000000000000124e+00 0.000000000000000000e+00
3.525000000000000355e+00 0.000000000000000000e+00
3.535000000000000142e+00 0.000000000000000000e+00
3.545000000000000373e+00 0.000000000000000000e+00
3.555000000000000160e+00 0.000000000000000000e+00
3.565000000000000391e+00 0.000000000000000000e+00
3.575000000000000178e+00 0.000000000000000000e+00
3.584999999999999964e+00 0.000000000000000000e+00
3.595000000000000195e+00 0.000000000000000000e+00
3.604999999999999982e+00 0.000000000000000000e+00
3.615000000000000213e+00 0.000000000000000000e+00
3.625000000000000000e+00 0.000000000000000000e+00
3.635000000000000231e+00 0.000000000000000000e+00
3.645000000000000018e+00 0.000000000000000000e+00
3.655000000000000249e+00 0.000000000000000000e+00
3.665000000000000036e+00 0.000000000000000000e+00
3.675000000000000266e+00 0.000000000000000000e+00
3.685000000000000053e+00 0.000000000000000000e+00
3.695000000000000284e+00 0.000000000000000000e+00
3.705000000000000071e+00 0.000000000000000000e+00
3.715000000000000302e+00 0.000000000000000000e+00
3.725000000000000089e+00 0.000000000000000000e+00
3.735000000000000320e+00 0.000000000000000000e+00
3.745000000000000107e+00 0.000000000000000000e+00
3.755000000000000338e+00 0.000000000000000000e+00
3.765000000000000124e+00 0.000000000000000000e+00
3.775000000000000355e+00 0.000000000000000000e+00
3.785000000000000142e+00 0.000000000000000000e+00
3.795000000000000373e+00 0.000000000000000000e+00
3.805000000000000160e+00 0.000000000000000000e+00
3.815000000000000391e+00 0.000000000000000000e+00
3.825000000000000178e+00 0.000000000000000000e+00
3.834999999999999964e+00 0.000000000000000000e+00
3.845000000000000195e+00 0.000000000000000000e+00
3.854999999999999982e+00 0.000000000000000000e+00
3.865000000000000213e+00 0.000000000000000000e+00
3.875000000000000000e+00 0.000000000000000000e+00
3.885000000000000231e+00 0.000000000000000000e+00
3.895000000000000018e+00 0.000000000000000000e+00
3.905000000000000249e+00 0.000000000000000000e+00
3.915000000000000036e+00 0.000000000000000000e+00
3.925000000000000266e+00 0.000000000000000000e+00
3.935000000000000053e+00 0.000000000000000000e+00
3.945000000000000284e+00 0.000000000000000000e+00
3.955000000000000071e+00 0.000000000000000000e+00
3.965000000000000302e+00 0.000000000000000000e+00
3.975000000000000089e+00 0.000000000000000000e+00
3.985000000000000320e+00 0.000000000000000000e+00
3.995000000000000107e+00 0.000000000000000000e+00
4.004999999999999893e+00 0.000000000000000000e+00
4.015000000000000568e+00 0.000000000000000000e+00
4.025000000000000355e+00 0.000000000000000000e+00
4.035000000000000142e+00 0.000000000000000000e+00
4.044999999999999929e+00 0.000000000000000000e+00
4.055000000000000604e+00 0.000000000000000000e+00
4.065000000000000391e+00 0.000000000000000000e+00
4.075000000000000178e+00 0.000000000000000000e+00
4.084999999999999964e+00 0.000000000000000000e+00
4.094999999999999751e+00 0.000000000000000000e+00
4.105000000000000426e+00 0.000000000000000000e+00
4.115000000000000213e+00 0.000000000000000000e+00
4.125000000000000000e+00 0.000000000000000000e+00
4.134999999999999787e+00 0.000000000000000000e+00
4.145000000000000462e+00 0.000000000000000000e+00
4.155000000000000249e+00 0.000000000000000000e+00
4.165000000000000036e+00 0.000000000000000000e+00
4.174999999999999822e+00 0.000000000000000000e+00
4.185000000000000497e+00 0.000000000000000000e+00
4.195000000000000284e+00 0.000000000000000000e+00
4.205000000000000071e+00 0.000000000000000000e+00
4.214999999999999858e+00 0.000000000000000000e+00
4.225000000000000533e+00 0.000000000000000000e+00
4.235000000000000320e+00 0.000000000000000000e+00
4.245000000000000107e+00 0.000000000000000000e+00
4.254999999999999893e+00 0.000000000000000000e+00
4.265000000000000568e+00 0.000000000000000000e+00
4.275000000000000355e+00 0.000000000000000000e+00
4.285000000000000142e+00 0.000000000000000000e+00
4.294999999999999929e+00 0.000000000000000000e+00
4.305000000000000604e+00 0.000000000000000000e+00
4.315000000000000391e+00 0.000000000000000000e+00
4.325000000000000178e+00 0.000000000000000000e+00
4.334999999999999964e+00 0.000000000000000000e+00
4.345000000000000639e+00 0.000000000000000000e+00
4.355000000000000426e+00 0.000000000000000000e+00
4.365000000000000213e+00 0.000000000000000000e+00
4.375000000000000000e+00 0.000000000000000000e+00
4.384999999999999787e+00 0.000000000000000000e+00
4.395000000000000462e+00 0.000000000000000000e+00
4.405000000000000249e+00 0.000000000000000000e+00
4.415000000000000036e+00 0.000000000000000000e+00
4.424999999999999822e+00 0.000000000000000000e+00
4.435000000000000497e+00 0.000000000000000000e+00
4.445000000000000284e+00 0.000000000000000000e+00
4.455000000000000071e+00 0.000000000000000000e+00
4.464999999999999858e+00 0.000000000000000000e+00
4.475000000000000533e+00 0.000000000000000000e+00
4.485000000000000320e+00 0.000000000000000000e+00
4.495000000000000107e+00 0.000000000000000000e+00
4.504999999999999893e+00 0.000000000000000000e+00
4.515000000000000568e+00 0.000000000000000000e+00
4.525000000000000355e+00 0.000000000000000000e+00
4.535000000000000142e+00 0.000000000000000000e+00
4.544999999999999929e+00 0.000000000000000000e+00
4.555000000000000604e+00 0.000000000000000000e+00
4.565000000000000391e+00 0.000000000000000000e+00
4.575000000000000178e+00 0.000000000000000000e+00
4.584999999999999964e+00 0.000000000000000000e+00
4.595000000000000639e+00 0.000000000000000000e+00
4.605000000000000426e+00 0.000000000000000000e+00
4.615000000000000213e+00 0.000000000000000000e+00
4.625000000000000000e+00 0.000000000000000000e+00
4.634999999999999787e+00 0.000000000000000000e+00
4.645000000000000462e+00 0.000000000000000000e+00
4.655000000000000249e+00 0.000000000000000000e+00
4.665000000000000036e+00 0.000000000000000000e+00
4.674999999999999822e+00 0.000000000000000000e+00
4.685000000000000497e+00 0.000000000000000000e+00
4.695000000000000284e+00 0.000000000000000000e+00
4.705000000000000071e+00 0.000000000000000000e+00
4.714999999999999858e+00 0.000000000000000000e+00
4.725000000000000533e+00 0.000000000000000000e+00
4.735000000000000320e+00 0.000000000000000000e+00
4.745000000000000107e+00 0.000000000000000000e+00
4.754999999999999893e+00 0.000000000000000000e+00
4.765000000000000568e+00 0.000000000000000000e+00
4.775000000000000355e+00 0.000000000000000000e+00
4.785000000000000142e+00 0.000000000000000000e+00
4.794999999999999929e+00 0.000000000000000000e+00
4.805000000000000604e+00 0.000000000000000000e+00
4.815000000000000391e+00 0.000000000000000000e+00
4.825000000000000178e+00 0.000000000000000000e+00
4.834999999999999964e+00 0.000000000000000000e+00
4.845000000000000639e+00 0.000000000000000000e+00
4.855000000000000426e+00 0.000000000000000000e+00
4.865000000000000213e+00 0.000000000000000000e+00
4.875000000000000000e+00 0.000000000000000000e+00
4.884999999999999787e+00 0.000000000000000000e+00
4.895000000000000462e+00 0.000000000000000000e+00
4.905000000000000249e+00 0.000000000000000000e+00
4.915000000000000036e+00 0.000000000000000000e+00
4.924999999999999822e+00 0.000000000000000000e+00
4.935000000000000497e+00 0.000000000000000000e+00
4.945000000000000284e+00 0.000000000000000000e+00
4.955000000000000071e+00 0.000000000000000000e+00
4.964999999999999858e+00 0.000000000000000000e+00
4.975000000000000533e+00 0.000000000000000000e+00
4.985000000000000320e+00 0.000000000000000000e+00
4.995000000000000107e+00 0.000000000000000000e+00
5.004999999999999893e+00 0.000000000000000000e+00
5.015000000000000568e+00 0.000000000000000000e+00
5.025000000000000355e+00 0.000000000000000000e+00
5.035000000000000142e+00 0.000000000000000000e+00
5.044999999999999929e+00 0.000000000000000000e+00
5.055000000000000604e+00 0.000000000000000000e+00
5.065000000000000391e+00 0.000000000000000000e+00
5.075000000000000178e+00 0.000000000000000000e+00
5.084999999999999964e+00 0.000000000000000000e+00
5.095000000000000639e+00 0.000000000000000000e+00
5.105000000000000426e+00 0.000000000000000000e+00
5.115000000000000213e+00 0.000000000000000000e+00
5.125000000000000000e+00 0.000000000000000000e+00
5.134999999999999787e+00 0.000000000000000000e+00
5.145000000000000462e+00 0.000000000000000000e+00
5.155000000000000249e+00 0.000000000000000000e+00
5.165000000000000036e+00 0.000000000000000000e+00
5.174999999999999822e+00 0.000000000000000000e+00
5.185000000000000497e+00 0.000000000000000000e+00
5.195000000000000284e+00 0.000000000000000000e+00
5.205000000000000071e+00 0.000000000000000000e+00
5.214999999999999858e+00 0.000000000000000000e+00
5.225000000000000533e+00 0.000000000000000000e+00
5.235000000000000320e+00 0.000000000000000000e+00
5.245000000000000107e+00 0.000000000000000000e+00
5.254999999999999893e+00 0.000000000000000000e+00
5.265000000000000568e+00 0.000000000000000000e+00
5.275000000000000355e+00 0.000000000000000000e+00
5.285000000000000142e+00 0.000000000000000000e+00
5.294999999999999929e+00 0.000000000000000000e+00
5.305000000000000604e+00 0.000000000000000000e+00
5.315000000000000391e+00 0.000000000000000000e+00
5.325000000000000178e+00 0.000000000000000000e+00
5.334999999999999964e+00 0.000000000000000000e+00
5.345000000000000639e+00 0.000000000000000000e+00
5.355000000000000426e+00 0.000000000000000000e+00
5.365000000000000213e+00 0.000000000000000000e+00
5.375000000000000000e+00 0.000000000000000000e+00
5.384999999999999787e+00 0.000000000000000000e+00
5.395000000000000462e+00 0.000000000000000000e+00
5.405000000000000249e+00 0.000000000000000000e+00
5.415000000000000036e+00 0.000000000000000000e+00
5.424999999999999822e+00 0.000000000000000000e+00
5.435000000000000497e+00 0.000000000000000000e+00
5.445000000000000284e+00 0.000000000000000000e+00
5.455000000000000071e+00 0.000000000000000000e+00
5.464999999999999858e+00 0.000000000000000000e+00
5.475000000000000533e+00 0.000000000000000000e+00
5.485000000000000320e+00 0.000000000000000000e+00
5.495000000000000107e+00 0.000000000000000000e+00
5.504999999999999893e+00 0.000000000000000000e+00
5.515000000000000568e+00 0.000000000000000000e+00
5.525000000000000355e+00 0.000000000000000000e+00
5.535000000000000142e+00 0.000000000000000000e+00
5.544999999999999929e+00 0.000000000000000000e+00
5.555000000000000604e+00 0.000000000000000000e+00
5.565000000000000391e+00 0.000000000000000000e+00
5.575000000000000178e+00 0.000000000000000000e+00
5.584999999999999964e+00 0.000000000000000000e+00
5.595000000000000639e+00 0.000000000000000000e+00
5.605000000000000426e+00 0.000000000000000000e+00
5.615000000000000213e+00 0.000000000000000000e+00
5.625000000000000000e+00 0.000000000000000000e+00
5.634999999999999787e+00 0.000000000000000000e+00
5.645000000000000462e+00 0.000000000000000000e+00
5.655000000000000249e+00 0.000000000000000000e+00
5.665000000000000036e+00 0.000000000000000000e+00
5.674999999999999822e+00 0.000000000000000000e+00
5.685000000000000497e+00 0.000000000000000000e+00
5.695000000000000284e+00 0.000000000000000000e+00
5.705000000000000071e+00 0.000000000000000000e+00
5.714999999999999858e+00 0.000000000000000000e+00
5.725000000000000533e+00 0.000000000000000000e+00
5.735000000000000320e+00 0.000000000000000000e+00
5.745000000000000107e+00 0.000000000000000000e+00
5.754999999999999893e+00 0.000000000000000000e+00
5.765000000000000568e+00 0.000000000000000000e+00
5.775000000000000355e+00 0.000000000000000000e+00
5.785000000000000142e+00 0.000000000000000000e+00
5.794999999999999929e+00 0.000000000000000000e+00
5.805000000000000604e+00 0.000000000000000000e+00
5.815000000000000391e+00 0.000000000000000000e+00
5.825000000000000178e+00 0.000000000000000000e+00
5.834999999999999964e+00 0.000000000000000000e+00
5.845000000000000639e+00 0.000000000000000000e+00
5.855000000000000426e+00 0.000000000000000000e+00
5.865000000000000213e+00 0.000000000000000000e+00
5.875000000000000000e+00 0.000000000000000000e+00
5.884999999999999787e+00 0.000000000000000000e+00
5.895000000000000462e+00 0.000000000000000000e+00
5.905000000000000249e+00 0.000000000000000000e+00
5.915000000000000036e+00 0.000000000000000000e+00
5.924999999999999822e+00 0.000000000000000000e+00
5.935000000000000497e+00 0.000000000000000000e+00
5.945000000000000284e+00 0.000000000000000000e+00
5.955000000000000071e+00 0.000000000000000000e+00
5.964999999999999858e+00 0.000000000000000000e+00
5.975000000000000533e+00 0.000000000000000000e+00
5.985000000000000320e+00 0.000000000000000000e+00
5.995000000000000107e+00 0.000000000000000000e+00
